Время t=1,2,...,200 для всех вариантов
Вариант 1
07.0000,08.0000,00.4206,03.0383,09.0056,05.1248,03.0636,07.4915,11.3312,07.1218,09.1609,08.8488,12.8540,12.9335,14.1228,25.6318,19.2087,26.8741,35.3412,32.0685,27.7665,29.5150,19.2434,26.0414,22.5521,25.0360,20.3523,16.2501,09.8939,22.1731,11.7293,24.7595,16.8848,23.6968,33.3518,33.0829,38.9896,33.8229,32.3965,48.9830,43.3099,47.5110,49.7964,51.6039,52.4451,56.9475,75.0523,96.3668,80.4158,87.6632,75.8902,71.7399,74.8130,75.4008,93.0230,82.2929,81.6092,81.9084,75.4324,72.8917,73.5867,82.3057,88.1606,78.8188,84.9681,74.6716,85.1123,74.0058,79.1452,85.8412,85.4741,86.4693,90.2488,85.5776,86.7200,85.9686,84.0297,85.6151,87.6697,85.6783,75.3579,77.0259,65.5642,62.0559,80.3827,70.3879,81.4987,62.3243,87.7093,86.6115,71.6559,94.9920,87.5723,95.9918,100.1314,110.7151,101.1054,115.8506,109.4740,130.9820,118.6124,112.4765,116.4588,112.1226,104.4572,108.7762,103.1216,106.5756,99.6501,87.0772,79.4679,95.6711,85.1550,107.7508,95.4806,92.6643,115.5761,106.3400,107.1020,106.0632,111.6633,115.7049,124.8512,119.3858,136.7876,130.2333,137.8571,141.4844,146.2289,147.6706,146.3295,136.2908,132.7031,142.2143,138.3966,135.4747,151.6283,141.7803,147.5393,147.4618,159.6620,171.4703,167.3627,164.0606,163.5976,179.9825,188.3703,186.9639,184.0546,200.1948,195.2929,185.6987,202.6715,200.4108,209.7028,205.6719,205.7181,201.7569,199.9749,192.9165,196.3817,199.0448,201.3977,194.7143,196.1496,196.6049,198.5530,193.0352,190.1763,186.3057,198.4260,181.8174,194.9557,184.9947,191.9431,177.7604,190.3651,198.2415,182.4970,185.3736,188.4967,186.8075,185.4765,198.9740,213.5730,216.5597,218.0800,193.6309,193.9856,192.8489,190.6209,185.7581,198.6837,191.8901,189.9013,202.4109,198.7246,199.0511,187.2635,178.6077

Вариант 2
09.0000,11.0000,-8.9041,17.6219,26.0102,54.7935,48.3842,42.6323,50.5665,53.4896,58.7440,59.5438,80.7089,82.6504,77.2459,99.1896,100.6652,93.6147,92.5383,101.1457,103.6318,109.8967,113.8927,98.1632,106.2033,81.5076,77.4357,88.3541,88.7970,110.5552,114.0118,129.5518,102.5634,113.4128,113.1059,108.0880,109.9940,107.0136,99.7147,128.4685,99.9346,121.3120,128.4087,124.1522,111.0780,97.7143,111.6588,119.2663,104.8072,94.0351,116.8863,122.7895,121.6521,124.4686,123.6800,122.1379,116.4284,125.0563,139.5488,155.3001,144.3261,153.5873,147.3668,154.8461,143.1067,159.6992,142.9532,144.9070,144.5712,142.4312,164.5939,137.6145,156.8084,153.7226,146.3265,160.2871,137.7423,144.9742,138.5769,134.3716,117.7574,139.9309,151.1838,150.7485,157.1098,169.7892,174.6580,175.1366,172.0892,178.3595,172.8069,178.2090,168.1561,181.1030,182.5955,189.1706,169.2124,191.0741,199.7519,198.4919,206.6207,183.2514,205.0073,220.4948,230.6961,221.5344,231.0062,238.3927,232.3634,229.3353,235.7392,246.6261,233.1444,254.4805,238.0538,237.5337,247.5726,264.7324,260.5577,261.9146,269.5837,270.7997,289.7743,289.6080,321.4164,313.4505,310.8495,306.1179,306.5914,291.4857,300.1623,318.5398,295.9368,301.4720,319.1898,311.6523,318.8487,309.3471,291.6760,290.0555,280.8347,276.6404,288.1927,293.4097,294.5825,305.1479,305.0068,288.0464,293.7976,287.9240,303.0491,319.6576,325.3555,323.9175,334.3007,323.4549,318.8597,337.0275,339.0532,350.5182,360.5378,360.9625,350.8124,366.7516,377.2185,347.5861,373.5121,383.1204,368.5060,381.4728,374.3519,376.2128,362.9395,379.2284,363.8231,373.1840,368.5453,365.9870,362.7637,382.9429,357.3896,369.8388,379.6221,387.8957,393.2825,396.2867,404.2931,403.9526,382.9841,412.6841,397.6001,389.8415,376.9156,386.4147,389.7822,410.7706,393.8330,393.3992,417.9329,403.4675

Вариант 3
11.0000,14.0000,01.6549,09.1985,-21.3810,05.7788,13.9074,-2.1485,01.6487,32.4800,33.4382,52.3472,55.3883,68.1776,88.7256,59.8114,84.1159,73.3166,60.7179,65.2145,62.7439,66.4232,81.1121,71.2551,97.8956,87.1830,88.5232,94.2035,114.2523,118.1409,108.3268,109.1781,120.0591,110.6025,102.2388,109.5360,90.0614,109.9220,107.3058,113.5664,137.6317,166.8338,189.8778,168.0151,187.5674,164.6722,188.2415,182.9151,202.2593,180.2205,203.6387,211.2333,232.0129,214.3720,229.3737,207.4546,227.4621,216.9219,230.3027,217.6759,228.1419,243.3772,240.3472,220.7032,209.5219,199.2964,223.2449,197.5498,187.8977,189.3196,178.4731,185.8490,198.7984,190.4140,219.2044,222.6683,213.8789,239.6836,240.3737,233.1347,256.1236,246.3917,246.4918,257.1203,239.5101,234.5771,220.5362,226.5890,240.5218,264.3912,266.6801,268.0530,263.3660,317.1067,296.9259,276.0849,280.4386,265.3862,267.1138,254.9749,266.8770,277.5403,290.7126,303.4900,309.3116,332.1540,346.4510,370.7727,356.1019,352.6291,352.5920,352.5897,353.9185,364.6350,370.2308,340.2630,356.5879,343.8234,332.1285,333.7436,366.3769,387.5886,368.3911,368.1233,349.0247,367.8110,381.3221,343.0103,378.3088,376.5046,362.5474,384.9328,427.1608,404.0730,437.6904,409.3768,443.9852,433.6854,418.6272,432.5593,432.9055,450.2891,464.1279,493.3089,498.7600,483.2725,512.7838,498.2052,532.8901,503.0071,538.7380,515.0339,510.7844,526.5117,526.9691,510.5270,510.9981,530.0516,483.0937,520.8027,497.6926,492.4146,506.9904,501.5260,505.8238,477.8584,484.3983,479.0986,491.9254,502.7877,546.3369,517.6380,520.8558,512.4758,542.7363,520.0980,532.8734,540.3386,549.5045,541.1550,569.5603,578.4632,618.2352,613.1388,614.1462,607.4012,589.6538,590.3444,571.9603,555.5353,544.0519,548.6582,554.3222,559.9313,559.6866,546.6873,558.2199,540.1639,561.7259,573.9875

Вариант 4
13.0000,17.0000,30.7862,48.7446,73.7261,46.8689,48.3865,26.4711,87.9389,58.0500,34.8602,59.9450,52.3339,61.7712,80.8207,77.7658,59.2561,28.1793,50.1908,49.3733,76.3871,78.9019,65.5564,96.5395,103.6563,92.0287,105.2338,101.0250,153.7205,177.7115,180.2288,193.5018,168.2823,173.5996,173.0386,161.8135,205.3021,170.5632,152.2494,170.0773,170.6959,205.9601,189.3740,206.9298,217.2859,216.4268,208.5018,205.5435,253.0381,233.1536,248.1085,243.6301,282.9382,315.8339,339.3575,302.8787,299.0038,292.6609,298.6603,261.8316,282.4804,311.8396,311.1747,321.8370,328.1840,364.0663,363.8341,361.1205,392.8103,384.1355,379.7077,424.9300,382.6325,362.2724,356.7660,332.3336,357.7216,355.9682,364.7318,410.8462,372.9987,412.0237,391.8820,428.9116,428.3514,427.9363,429.0910,406.4918,416.8877,438.9320,454.4370,444.8549,458.1456,456.0457,457.4824,463.2884,443.3539,470.8254,453.9239,490.2708,482.2298,493.3509,470.2542,536.0523,526.5706,553.8206,530.5608,530.3327,484.8889,532.0709,536.7744,534.9767,517.8163,536.6788,544.7625,575.1732,590.6616,600.2005,596.4577,596.7224,588.5609,614.0285,567.4135,598.0809,621.5279,586.2311,611.6281,614.7574,609.7629,628.8142,616.7607,615.3241,572.6970,563.3860,531.0023,535.0825,533.2090,541.9445,533.8964,504.4123,523.1715,503.1252,532.7822,551.7138,551.8907,523.2809,495.5418,523.4212,514.7911,529.5964,515.9350,511.0262,547.3567,523.0230,571.4770,565.4196,606.3977,580.1598,587.2689,612.5967,609.6902,564.2247,620.7951,610.2772,686.2029,671.2037,701.1481,661.3375,664.4164,677.6076,701.2003,678.6921,727.9902,707.5781,701.7525,667.8680,687.6477,695.0516,710.5435,693.8916,698.7439,683.6612,707.7905,702.4826,720.0818,735.3039,718.9278,756.0218,734.3921,723.9318,712.6471,713.1758,741.5766,727.3937,739.8098,744.2076,756.4714,807.2555,820.2653,785.3061

Вариант 5
15.0000,20.0000,-0.8155,-9.7856,23.9257,60.4461,66.9275,46.6053,90.7082,118.9212,57.4873,94.2236,56.2336,110.2980,134.3334,110.2115,135.1539,168.4950,173.9473,129.5167,145.8072,187.8151,186.2141,194.9361,142.4693,191.4790,169.0766,171.8193,220.7204,169.1263,162.6296,210.6096,155.0059,183.8975,182.5189,198.1132,247.2652,224.4754,311.3673,274.4193,335.0335,357.9240,348.6795,315.5534,335.4960,359.6788,316.8585,324.0683,377.1340,341.5527,300.8220,320.3915,341.1648,341.5407,341.7580,360.4237,340.6099,315.7136,250.8203,282.8434,265.9253,288.4097,309.8821,332.1850,355.3764,371.6342,398.7242,406.9169,438.7887,454.1951,469.9728,451.7731,415.2939,353.9344,389.6177,399.0614,409.9551,407.1760,368.7405,349.4072,437.4168,440.3080,405.8419,417.8545,453.4596,502.8970,529.5032,532.9202,480.8036,510.4730,506.2447,555.6157,484.4257,518.2287,565.4539,580.0443,546.9830,532.2082,584.4053,526.1691,555.9990,489.3695,494.8899,468.8026,552.1389,575.7312,680.2152,695.0313,715.6860,683.5893,633.4451,674.6337,701.8749,706.6055,701.8846,750.4035,756.2979,704.4677,704.5658,695.3915,749.7405,754.1894,703.1980,683.2118,678.9429,641.6393,669.3799,642.0293,669.4998,687.3361,696.0888,691.2164,706.6306,727.7283,681.4240,684.3736,651.0623,643.0255,674.4648,676.1578,642.4941,615.6782,640.4547,638.4965,635.0000,668.4684,607.6649,679.7148,622.0608,675.5694,698.9163,718.9980,753.0494,757.4323,758.1338,739.6221,747.8734,787.8059,779.6606,767.4471,768.2388,817.6276,852.4826,835.1172,862.2876,865.1854,835.8801,828.3648,809.1743,786.9025,874.5421,929.0026,895.6898,935.9731,891.8093,893.2371,886.6052,833.7216,813.9918,824.7391,905.0511,905.7776,893.8793,895.6718,956.5072,950.8375,981.2002,946.1233,934.0694,993.9253,1007.6457,1011.1132,1052.3381,1052.1178,1016.0922,1047.3365,1025.9078,994.7398,956.9194,991.3817

Вариант 6
17.0000,23.0000,25.2354,39.6491,35.2552,73.9997,143.2841,153.1103,130.2237,172.1872,171.6553,132.1294,182.0325,168.0567,162.1791,139.2174,107.8346,76.1261,124.8165,83.0986,46.0460,06.9294,56.0832,86.5169,186.6789,202.3058,177.9922,185.0028,194.6745,162.6456,198.8574,172.6712,184.5142,200.0594,194.1130,207.6089,181.6779,142.8642,119.6452,125.2224,128.5434,126.8532,167.5968,202.6866,231.5407,242.8103,266.8853,173.8134,196.5902,260.0115,327.8365,324.3268,325.0592,314.4030,323.2311,302.2277,325.1269,263.9346,308.8618,365.5807,353.0392,277.8775,315.7841,309.2576,278.1210,196.4663,192.0878,174.6470,165.6463,214.3944,169.7009,206.7766,287.2260,294.9810,404.2357,397.1584,448.4057,475.8357,520.1758,539.9372,600.7102,559.7544,536.1050,466.1449,485.5442,471.5607,476.1470,444.4067,468.6576,537.7557,456.7797,424.6770,510.5146,581.3456,535.9052,639.2100,586.4346,619.0384,654.6076,634.2372,623.8221,619.1523,637.7118,673.9272,679.7742,764.2042,795.1885,766.2505,781.8180,783.0181,744.6925,727.0563,785.8631,804.9485,866.0080,876.1682,812.3542,801.2160,728.9887,754.5885,778.0073,781.0623,709.4399,698.8602,820.2885,796.2198,826.2669,947.0973,912.4338,899.4832,861.8526,816.2235,881.2737,866.3227,891.3273,834.5407,816.3082,814.2838,853.4694,834.2457,839.1276,907.7284,839.3584,850.4133,850.0238,812.8109,841.0763,865.3595,881.8762,921.7215,964.2259,962.6344,997.8980,964.7074,1014.6031,937.8121,943.4377,878.8066,910.5041,881.0033,885.9845,972.8630,948.1887,906.8332,949.0345,1017.5281,962.0907,997.6574,1065.1217,1070.0038,1070.5408,1113.1003,1183.6935,1246.1910,1159.8632,1248.1167,1277.3895,1248.1143,1244.3895,1349.8955,1282.6192,1277.1410,1232.1861,1235.5095,1225.8648,1249.4552,1243.9453,1201.3623,1204.8021,1143.7478,1090.1112,1123.8450,1158.6914,1135.0297,1118.9499,1109.6912,1128.7842,1207.0236,1221.6168,1269.2037

Вариант 7
19.0000,26.0000,-2.9262,53.0610,51.0098,40.4395,47.5262,79.0770,79.2352,62.6563,95.0413,80.6180,120.8022,93.3888,127.8718,154.8718,99.9900,179.7717,154.1565,153.0583,134.4756,177.2507,114.9818,222.4664,135.4456,231.8731,141.1878,218.9121,149.0072,291.6380,133.4478,334.4107,134.9188,341.7629,213.2641,316.1502,243.5188,286.5984,249.9826,372.2550,237.1111,364.8173,272.1835,364.3431,291.2920,381.3332,382.2140,452.2619,275.6417,447.0176,266.9368,426.5414,335.3338,439.0974,431.0394,382.4240,416.3990,412.1613,405.0303,421.7524,437.3307,479.3720,469.4006,429.0910,500.1068,412.4458,551.0157,398.6028,566.2192,469.0282,552.3762,482.9962,568.5656,479.1315,573.6651,504.9091,570.4697,535.6115,589.3239,541.8971,551.3642,577.8298,536.0886,586.7748,656.7077,554.8646,686.3185,499.3928,789.3559,540.4929,673.3520,677.4755,651.2762,696.1028,680.3910,732.1234,634.9532,785.0718,632.1880,854.0380,598.3767,788.7342,670.5551,778.2923,665.7989,811.8248,682.2374,826.6238,687.9380,774.7240,705.9031,881.6273,695.4942,955.8386,672.6154,900.9378,824.3055,845.6372,815.3265,855.8833,857.8227,880.6659,896.9909,851.4338,965.0135,833.6429,972.2020,872.6623,975.7711,888.1068,959.5880,863.5075,959.0846,949.9163,953.8990,941.3454,1039.4366,910.5264,1045.6686,942.4268,1089.5674,1005.2189,1038.1468,986.2958,1047.1794,1081.3597,1081.1433,1049.1286,1057.2332,1130.6949,1042.5503,1071.0096,1143.1255,1079.3422,1164.0553,1071.1727,1153.5245,1079.7514,1155.3631,1081.2411,1187.3397,1127.2479,1196.6992,1111.8438,1207.8408,1146.5279,1220.8342,1141.7190,1215.1475,1159.2982,1283.9653,1111.0730,1332.0665,1116.7974,1343.2272,1101.8602,1388.3060,1189.0894,1284.8874,1226.3344,1323.3941,1240.4565,1317.2517,1322.0366,1377.7038,1312.4714,1353.2384,1212.2039,1374.4707,1280.9585,1378.0637,1292.1482,1445.6662,1288.6772,1419.0926,1378.5628,1401.2859,1378.8691,1362.6637,1367.5532

Вариант 8
21.0000,29.0000,-44.6427,152.7436,24.2380,210.1364,-14.2880,128.7103,58.0839,139.0973,90.9940,134.4749,180.4446,131.0226,132.1721,223.7581,141.9601,165.6943,155.6543,219.2527,180.7609,235.1968,203.3948,169.2481,254.5066,114.5368,257.0861,231.4335,267.5759,319.1142,269.6032,345.9341,161.4763,381.2901,227.7354,344.1373,272.7089,339.5407,272.9396,463.5499,183.8218,511.5748,279.9818,439.3030,260.6988,394.3682,385.3805,440.0749,329.4167,400.8840,471.7572,436.9256,439.4607,447.8686,445.8192,452.0515,441.4067,506.1457,516.7345,550.4350,450.4529,569.0849,456.7378,589.7602,444.4049,648.4121,420.9944,634.8801,484.6238,618.5992,606.3850,503.2327,680.2302,539.5976,627.7028,629.1935,549.3930,669.7895,577.2375,657.8481,556.0581,768.2134,641.9490,719.0111,670.0768,758.8241,688.9220,735.7850,686.2685,765.4564,687.1838,785.9806,678.1605,837.7645,718.7426,839.2238,662.8223,921.9800,747.4303,865.8977,793.7748,767.3227,903.4868,862.1555,903.7020,806.6828,928.0441,862.8714,887.1191,863.9278,930.5297,926.0282,870.7459,1010.9715,832.3669,988.9695,926.6905,1047.9231,908.0210,1021.8692,966.2529,1018.7112,1045.9962,1006.1576,1143.6857,963.0154,1081.9301,981.9903,1091.4463,964.1678,1138.4733,1084.8739,1027.3004,1112.2096,1139.1387,1076.5106,1153.7954,1062.2731,1090.4350,1109.7913,1103.2800,1128.3122,1185.1940,1164.8261,1178.6645,1207.6662,1178.0217,1137.3490,1225.8021,1159.2605,1290.4105,1243.5140,1275.5187,1220.7173,1305.9993,1192.2863,1283.5426,1306.6213,1293.5385,1334.3463,1327.1407,1316.4356,1281.8865,1392.5636,1344.4189,1254.2169,1460.3619,1340.0562,1358.9734,1404.2868,1352.1386,1411.3064,1330.1581,1489.4513,1309.0947,1510.7507,1343.1419,1484.8640,1375.6576,1565.2630,1303.3450,1589.8554,1413.2175,1581.9954,1446.4913,1561.9034,1493.1097,1545.3892,1424.3713,1675.8660,1412.0249,1602.6878,1432.0156,1655.9944,1503.6890,1710.3992,1452.5325,1671.8418,1610.4909,1593.3199

Вариант 9
23.0000,32.0000,-6.4740,74.7385,-67.2465,179.9634,18.8246,79.3874,65.7847,196.0431,68.4639,209.0157,88.1863,212.7581,167.1560,86.1835,253.8780,95.0337,191.3291,167.4323,202.7549,202.8078,260.5864,176.1657,337.3706,162.4854,308.0108,228.5647,360.9516,249.9180,294.9134,280.6439,347.9364,266.6222,321.5517,334.1177,279.7220,419.8323,308.4517,417.9556,411.0568,482.9665,446.0390,354.9648,499.1731,318.7462,563.2359,356.5846,582.1942,325.0138,625.8534,412.9849,630.6052,377.6564,638.6717,371.6584,676.9138,410.4470,675.8751,430.4740,677.1231,539.8803,625.5245,497.4691,605.0151,538.4814,710.5322,491.8870,662.6765,581.5635,640.8133,647.7528,699.4218,624.9139,784.3854,650.6277,710.6923,759.2488,710.5530,714.9809,800.7303,693.1326,783.7788,764.7072,727.2761,769.0646,730.2585,822.3337,816.0639,888.6005,805.7720,858.9472,806.5166,1032.2656,738.0779,892.9541,835.0774,867.9273,882.8290,862.2945,948.2780,925.3595,975.3598,959.0650,970.9844,1022.0302,1000.2307,1062.1982,929.0687,1028.0811,977.7389,1038.4382,1010.5423,1079.3608,1041.3141,974.6517,1124.4370,989.1762,1081.6966,1054.8857,1204.9213,1124.3819,1081.3327,1125.0341,1060.3444,1213.5938,1144.6199,1062.5436,1285.1362,1107.5206,1193.4222,1223.3353,1329.2624,1111.6012,1384.7367,1063.9244,1445.8679,1102.2185,1325.6872,1230.0757,1320.5323,1305.7684,1349.3481,1382.3826,1330.1659,1296.1972,1436.4922,1269.0805,1515.3638,1205.2016,1582.1251,1200.7130,1504.5436,1350.3011,1476.9079,1324.8366,1480.2736,1446.6730,1320.9109,1595.3711,1316.2113,1537.4094,1446.6211,1507.0718,1481.1078,1427.3538,1538.5360,1468.9531,1585.3742,1529.8373,1696.7828,1417.9788,1653.1626,1470.6136,1736.3895,1438.8864,1729.7770,1537.0378,1713.9044,1540.1118,1780.2458,1600.3068,1840.6387,1579.9987,1766.2007,1606.2429,1700.3546,1672.9619,1672.3159,1665.1859,1692.5663,1737.2937,1745.1805,1762.5452,1749.1952,1727.5194,1811.3279,1702.0183,1885.3069,1780.9985

Вариант 10
25.0000,35.0000,70.1038,84.5303,119.5981,-7.5172,119.9330,-1.4221,293.6667,-49.6642,159.0527,127.0557,136.2653,164.3801,199.0974,150.3093,143.5554,108.0112,261.2849,158.9485,310.6697,183.2096,236.4357,303.1682,256.8915,246.8249,309.4960,257.9478,444.6323,316.2758,364.1915,348.7780,287.5978,384.0246,336.7386,359.6682,484.9397,271.0097,413.5242,412.4660,426.3690,511.7404,373.6591,532.1087,440.7739,497.9429,441.6739,501.2538,604.2300,434.7302,606.0768,471.2449,685.2812,576.4088,662.4752,459.0886,640.3297,532.5155,660.7406,485.0263,729.8990,638.9653,673.6654,667.3964,686.5004,763.2054,668.5730,720.1473,776.8435,688.6064,746.5756,842.8371,624.1283,772.3539,715.1324,739.4710,842.2981,764.8168,848.4336,907.2527,716.0300,987.4091,720.1152,1031.9428,775.7215,957.3348,835.9828,883.1102,918.6166,968.6066,954.2682,918.8956,992.5183,935.3576,991.4509,978.3907,944.6625,1077.5152,929.9026,1153.4844,944.1242,1130.1029,934.2922,1287.4132,946.1756,1252.9690,942.2875,1199.3560,920.1098,1327.9799,1025.3957,1228.7079,1041.2672,1267.9531,1123.8040,1303.8799,1177.1663,1267.8995,1177.2875,1256.2141,1192.6951,1332.2928,1097.8389,1410.0089,1245.1156,1247.2260,1350.8053,1287.6591,1319.4396,1361.6961,1293.6288,1358.5628,1225.0286,1374.5823,1240.7892,1423.1759,1320.2498,1440.8703,1336.6941,1359.3949,1449.4506,1346.3175,1531.9715,1432.9602,1479.4825,1368.5968,1429.6616,1528.4216,1438.2690,1554.8129,1432.9626,1534.7793,1582.4953,1459.3582,1696.5657,1470.5440,1734.5468,1430.6352,1694.6880,1582.5133,1640.2080,1480.2197,1818.0879,1516.0005,1930.4322,1500.7392,1877.0032,1470.3804,1827.4579,1631.7799,1841.1922,1602.7677,1933.0599,1599.2733,1841.7906,1605.3239,1899.3051,1715.9789,1890.1766,1705.5104,1880.5807,1730.7058,1938.8621,1765.6631,1947.4175,1844.6158,1863.0230,1967.2029,1811.9477,1918.9145,1850.7010,1944.2233,1973.2225,1896.6238,1998.8234,1940.3606,2018.0113,2085.5026,2008.8944,1935.0329

Вариант 11
27.0000,38.0000,-7.0681,45.0776,120.9909,129.2963,92.3450,60.5044,213.6932,139.6592,18.2387,257.7097,08.7885,351.0554,131.0766,194.5086,233.6572,274.9896,221.9043,153.0137,302.8376,309.0576,261.6231,309.4833,165.1042,450.2650,185.4274,400.9082,378.0278,238.6844,377.2944,433.0180,238.6007,499.6405,320.6651,488.2735,474.0208,382.1274,652.7320,299.1313,696.4349,420.9817,552.4606,398.9719,610.5862,525.4458,472.0216,581.2716,649.0095,475.3514,541.5119,619.8253,627.8041,608.3219,626.9536,669.1137,590.1142,623.2953,516.3827,774.3398,572.0965,790.7919,680.5323,786.2072,738.3038,781.2437,791.8249,774.3214,846.1982,799.4647,846.0870,759.8356,770.5365,700.5366,942.2708,803.3000,917.4424,827.6030,820.8516,849.0037,1082.8536,847.1339,906.1946,941.3269,1013.5698,1039.8091,1015.0347,993.6117,888.6515,1103.6101,951.4173,1176.9519,820.1772,1223.2833,1052.0675,1150.4089,980.7353,1113.4320,1185.0742,971.6708,1249.6200,917.0067,1251.4911,1004.6802,1412.0720,1105.6454,1493.1043,1119.9973,1365.3114,1096.0159,1219.0208,1316.6886,1303.5110,1289.4341,1282.6578,1410.2954,1292.0600,1246.4256,1352.6376,1302.2862,1489.2625,1323.2420,1312.3890,1349.8519,1383.0374,1317.0579,1492.5634,1314.0534,1539.2001,1415.9002,1504.0967,1426.0448,1530.9234,1502.7205,1404.9960,1542.0482,1410.1269,1546.6764,1565.0374,1541.8639,1484.5260,1522.0885,1617.9738,1550.7682,1599.8748,1659.0299,1462.9903,1832.2428,1405.4231,1876.6288,1572.5358,1793.5524,1687.4593,1732.6097,1693.2489,1691.0958,1749.4661,1812.1852,1715.4431,1762.1190,1764.1032,1893.1657,1834.9630,1785.3855,1894.3943,1812.9747,1806.4408,1844.4770,1818.1148,1836.3599,2070.6728,1947.0336,1865.9338,2031.3818,1798.0151,2017.4437,1885.0452,1891.7782,1931.4598,1998.4910,2145.9227,1958.4698,2036.4366,2009.4240,2180.7489,1989.7478,2181.1134,1947.2919,2129.3487,2179.9167,2126.6661,2140.9396,2220.5209,2126.0794,2108.6084,2246.9023,2100.7303,2166.1048,2103.4353,2305.4305

Вариант 12
29.0000,41.0000,45.9086,82.9764,50.1842,162.8469,191.8593,111.0904,99.0750,224.3616,116.2578,116.9491,275.1313,117.6952,228.4903,141.2557,188.2157,163.5705,341.6737,119.8401,248.1362,167.4857,394.8298,279.3860,509.0672,271.1141,340.5113,344.5897,377.3939,300.8403,472.7250,296.9327,472.6368,399.2436,432.3218,455.5685,394.8581,406.6288,429.9800,487.9591,479.1992,495.8078,580.9684,560.7369,588.8370,559.5699,615.6154,386.6111,701.0147,639.2583,745.1451,580.9272,683.1867,610.7892,705.4340,615.6806,758.8160,548.1212,855.9842,747.3182,730.5456,610.3668,871.4836,689.3169,766.2238,619.5603,836.9217,718.3707,825.2047,884.2796,725.1384,954.2957,943.5638,873.9041,1102.2948,817.3666,1084.9598,914.1155,1074.5009,958.1321,1124.3717,872.8296,1036.6171,856.8074,1125.1867,946.2893,1104.3035,959.0090,1155.7775,1158.1286,931.0661,1109.0423,1238.3436,1217.2781,1047.9036,1395.8866,974.0951,1356.9469,1166.8223,1217.7237,1193.3087,1237.0121,1272.3487,1315.8510,1266.2457,1454.4778,1301.1012,1295.1743,1365.5671,1329.6998,1293.4068,1347.9442,1477.2883,1384.3932,1534.6250,1389.4182,1345.6936,1441.9758,1297.8820,1554.3925,1446.5397,1507.4276,1337.9362,1531.8693,1691.7953,1420.5599,1657.8376,1714.6095,1472.5759,1620.0205,1492.9250,1560.0822,1727.8511,1548.7546,1728.1283,1494.3665,1691.3756,1619.5240,1771.1205,1608.9244,1751.6363,1805.2195,1575.2795,1822.2113,1686.9070,1723.3278,1816.6533,1799.4598,1822.2530,1870.3998,1881.1847,1821.7198,1929.0190,1769.7292,2013.1381,1677.5822,2002.2911,1706.2916,2058.4791,1777.2912,2016.6429,2046.2236,1892.6964,1931.0038,2058.6323,2087.5352,1885.9200,2142.9258,2093.8599,2060.5928,2068.9355,2155.5485,2197.4866,2204.1770,1950.5981,2378.2923,2093.1648,2178.2834,2154.4675,2400.4288,2005.7132,2314.5268,2072.5643,2315.1349,2170.6152,2341.1479,2212.9867,2233.4355,2297.7539,2171.1379,2246.8705,2367.8873,2355.5305,2286.0411,2334.0236,2330.0015,2405.4280,2503.3349,2383.5818,2521.8297

Вариант 13
10.4000,07.8000,-18.3933,11.4723,14.7246,-23.8381,-11.0849,06.0709,-8.1585,-31.1920,-9.2730,-21.5396,-16.0843,-26.7335,-27.5984,00.6099,-58.6417,-14.9264,-12.4591,-61.6434,-51.3713,-34.0116,-80.2236,-28.7365,-62.9995,-56.3503,-68.9013,-74.7951,-79.3520,-32.6611,-107.5472,-39.3164,-96.9715,-67.8965,-50.6200,-97.5682,-70.7768,-101.9680,-97.2265,-43.4613,-123.7868,-89.8520,-87.3095,-106.9528,-103.1257,-95.6155,-64.6949,-65.0747,-172.9506,-85.8374,-142.3062,-138.3362,-103.1789,-131.1321,-84.5578,-167.9024,-136.6673,-124.7041,-164.6171,-145.5539,-139.0583,-128.8592,-140.3776,-184.3445,-132.7678,-186.3951,-134.6265,-193.2776,-155.8477,-146.0957,-184.9379,-171.5669,-164.5092,-197.8525,-177.4569,-185.0667,-196.9418,-184.3851,-189.0217,-205.2553,-226.1744,-191.1678,-236.6303,-217.3799,-154.5887,-257.5343,-188.0239,-266.6802,-154.5867,-230.7201,-285.0263,-145.0274,-264.6026,-223.7708,-213.4498,-222.8512,-271.6857,-198.1486,-266.2789,-195.6203,-285.9483,-273.7406,-227.5994,-278.0311,-283.3901,-242.5120,-286.9813,-262.3138,-288.8381,-312.0666,-289.8567,-234.1903,-327.7559,-227.6718,-326.5154,-309.7752,-217.0292,-343.8320,-302.1190,-291.1022,-299.7138,-299.1974,-288.6062,-333.5793,-266.0809,-340.0156,-304.3146,-305.4535,-320.5273,-322.5911,-332.5008,-357.8425,-337.4188,-306.9043,-359.2279,-351.7540,-293.6178,-386.9363,-335.0148,-344.8764,-331.3539,-328.2337,-380.4909,-367.6591,-357.7999,-324.3102,-355.2001,-383.1919,-375.3394,-327.1207,-400.6205,-408.0471,-320.6709,-402.1115,-369.0825,-393.9822,-396.0496,-399.6575,-401.0036,-417.2780,-389.8916,-398.9044,-407.5799,-429.1593,-406.3212,-414.2051,-418.0561,-437.1070,-430.5106,-435.3223,-397.6093,-485.8007,-396.6200,-463.6063,-431.4409,-477.0874,-413.5231,-429.4178,-511.0090,-435.3957,-445.0427,-479.0267,-463.8916,-427.9006,-439.6846,-475.1407,-468.7031,-539.8917,-465.2614,-476.9245,-501.9397,-496.7149,-452.8089,-521.2309,-503.7308,-455.7248,-524.0351,-505.7686,-531.5946,-532.2118

Вариант 14
11.2000,08.4000,-40.1996,64.3865,04.5383,37.7803,-25.6227,-23.8176,16.0930,-15.4346,-11.1689,-16.9381,19.5349,-30.3330,-42.9278,25.5407,-40.3357,-55.8697,-26.5372,-22.2478,-44.4616,-33.0917,-40.4059,-86.8854,-27.4117,-108.3036,-63.9719,-29.7911,-80.4792,-26.7715,-71.2877,-50.8775,-134.1815,-47.2521,-79.7238,-108.2284,-76.0068,-98.8773,-112.7757,-31.8884,-175.2381,-53.2601,-86.3814,-139.2947,-128.5442,-134.0676,-85.5258,-113.2203,-164.8055,-139.2203,-75.1801,-138.2568,-147.9721,-125.1721,-146.7846,-149.9267,-156.7959,-131.1980,-127.8843,-134.1019,-188.8154,-135.3110,-175.8868,-154.7532,-191.6244,-135.9988,-213.9781,-173.0511,-173.6938,-196.6572,-138.6849,-256.7099,-146.0668,-199.2277,-228.6363,-159.7111,-259.7891,-189.0782,-217.3645,-232.0108,-245.6293,-168.6880,-212.3662,-242.8942,-209.7304,-208.3038,-234.6696,-237.4879,-243.6512,-228.1284,-259.3541,-235.9751,-271.3413,-225.7653,-256.2645,-252.9290,-302.5879,-211.7351,-256.1914,-288.7048,-247.7211,-327.6608,-226.0933,-251.6512,-283.7026,-303.4803,-262.4126,-278.6463,-314.4435,-296.4093,-281.7787,-285.5121,-339.2404,-255.6521,-350.2418,-315.8707,-282.8370,-295.9910,-340.0420,-317.0615,-307.0653,-333.9450,-292.6142,-341.1053,-274.1910,-363.7300,-349.0480,-338.8040,-346.8618,-379.9179,-325.8528,-318.5188,-420.8893,-336.5137,-320.0650,-402.9263,-348.4917,-387.6302,-414.8498,-367.1633,-400.7717,-396.0661,-359.5322,-390.5393,-399.2674,-372.9709,-406.8816,-441.2974,-382.0311,-423.4137,-385.7514,-383.2474,-420.3292,-424.2856,-396.5563,-453.3102,-434.4805,-384.4756,-442.8602,-417.1448,-416.2135,-449.1922,-462.7087,-404.3807,-434.3332,-524.0076,-379.9650,-442.7452,-511.4028,-416.0460,-482.8441,-470.8199,-489.7249,-437.7815,-514.7030,-459.3363,-488.4518,-498.0744,-489.7542,-450.0343,-559.8870,-463.5232,-475.7361,-505.6036,-494.3339,-503.8915,-497.5145,-517.0818,-561.0115,-444.8742,-565.7354,-546.7756,-536.0069,-513.2888,-533.2942,-499.7129,-584.3659,-540.1640,-485.7359,-599.5746

Вариант 15
12.0000,09.0000,-17.0177,15.8576,-51.2555,41.5270,-4.1765,-52.3996,02.9628,25.8983,-40.9930,02.7773,-24.3861,-17.9391,-2.7143,-88.3626,10.2845,-59.6828,-70.0924,-25.8355,-59.3731,-52.0542,-33.2908,-83.6534,-20.5599,-88.6304,-69.5880,-55.7867,-52.1079,-80.5339,-96.4449,-74.9715,-70.3666,-110.9297,-101.0595,-78.4770,-134.6475,-67.1632,-113.8190,-107.1811,-72.4627,-83.9149,-96.4339,-157.7305,-80.6152,-160.8546,-90.6854,-138.1637,-110.9506,-169.4839,-98.6226,-133.8289,-124.7281,-175.4974,-121.4090,-186.3847,-123.2444,-175.7106,-145.8595,-182.6249,-152.2566,-148.6314,-189.4739,-203.9581,-185.5039,-195.7194,-151.1006,-239.6104,-203.3772,-184.0254,-226.9723,-191.5544,-190.2514,-235.8306,-167.9873,-221.7857,-242.7325,-173.9727,-236.8201,-246.3495,-186.5634,-260.8085,-238.4388,-216.5596,-279.6747,-247.9831,-264.2952,-245.3800,-237.9963,-234.4311,-270.0815,-264.6261,-272.6874,-190.9078,-325.6777,-305.5905,-249.2320,-314.9735,-282.1670,-302.9741,-277.2184,-283.9968,-288.8607,-287.7111,-301.8088,-275.9104,-296.7403,-283.9618,-342.8084,-316.8117,-312.4364,-327.7678,-323.8681,-313.0646,-329.5924,-383.3240,-300.0349,-364.9431,-367.5799,-334.0680,-308.2298,-340.9023,-396.5445,-348.4879,-388.6051,-337.7369,-353.9340,-443.1470,-304.5973,-391.6382,-418.4916,-334.2562,-337.2315,-451.0660,-329.5361,-442.5997,-349.0828,-417.2056,-435.2462,-370.5047,-418.3518,-394.1421,-397.1245,-384.9883,-423.1788,-449.1046,-370.6323,-461.9400,-380.5684,-482.3790,-380.8935,-477.8854,-451.7728,-408.2335,-461.9771,-479.3154,-442.1938,-431.6301,-544.6150,-389.5658,-510.6479,-488.7128,-436.3350,-501.6131,-477.2226,-522.8551,-472.9453,-499.8519,-482.5771,-485.4987,-445.1561,-564.7591,-493.3154,-512.3265,-475.9483,-559.0331,-495.3567,-508.3895,-524.0179,-540.9835,-484.7796,-531.5121,-485.6115,-555.6542,-541.1451,-544.3952,-573.3672,-539.9653,-579.5141,-578.4705,-567.7493,-556.5514,-564.5029,-568.0156,-577.6261,-598.2371,-558.8521,-616.4333,-553.5449,-576.8366

Вариант 16
12.8000,09.6000,17.0372,15.1810,18.0415,-41.7369,03.4109,-31.3964,52.5865,-68.3685,-43.3324,22.8257,-53.2127,-23.3562,-9.7932,-53.2691,-59.7032,-68.3464,-16.1503,-62.2704,-31.5723,-60.3126,-81.0846,-23.2294,-71.1628,-91.0633,-49.6044,-87.1189,-25.9531,-71.0154,-95.8159,-66.6352,-121.2771,-81.6780,-94.7326,-118.2247,-50.7949,-159.1284,-123.8007,-78.1475,-131.5635,-85.7404,-148.7185,-107.1572,-118.2108,-143.1917,-141.6136,-138.5798,-91.7902,-184.3964,-128.3245,-152.6243,-118.4982,-131.3774,-148.4079,-205.5411,-154.2369,-170.4101,-170.4227,-215.2950,-145.7207,-156.3110,-204.8940,-173.3691,-185.2929,-162.2555,-207.9496,-204.5326,-162.8287,-228.3419,-213.1614,-154.7211,-280.2755,-228.7683,-209.8198,-261.0970,-195.1475,-241.7603,-234.7515,-187.6502,-302.6592,-193.1084,-274.2094,-217.8376,-258.2502,-265.5037,-253.8500,-290.5336,-250.2905,-248.9819,-270.5343,-291.5150,-260.6093,-289.6852,-287.7560,-281.0313,-318.5576,-260.8082,-325.6547,-264.1910,-320.8513,-301.5042,-334.4480,-240.3250,-348.7793,-295.9285,-345.5723,-326.6303,-373.7825,-271.7773,-346.2574,-354.4753,-352.0227,-323.5934,-349.7361,-326.2902,-347.0904,-356.1862,-365.6965,-362.7145,-376.4245,-341.7734,-433.2375,-332.0036,-359.5338,-442.7737,-341.7210,-392.1446,-412.0519,-367.6673,-421.3521,-405.5033,-448.0424,-411.1630,-445.8922,-411.5343,-426.3461,-424.2476,-442.5652,-466.5423,-408.6020,-472.3410,-414.5841,-434.2608,-466.9559,-483.2983,-478.6205,-425.4102,-489.8173,-457.0526,-488.1423,-483.9922,-437.4757,-526.1707,-430.1392,-505.8258,-457.1212,-528.5344,-488.0300,-469.5984,-523.2994,-555.8366,-430.0041,-546.8486,-442.7736,-548.4666,-495.3330,-564.8156,-518.4532,-511.2906,-521.0736,-569.1512,-478.3027,-579.7067,-554.1519,-573.5395,-527.5403,-555.4741,-552.1228,-583.7650,-557.7234,-586.8367,-547.0474,-589.5516,-564.5780,-569.0167,-613.5683,-542.5501,-626.4846,-606.9206,-599.5983,-604.9409,-577.5254,-636.0271,-597.5526,-611.1851,-613.7779,-569.7342,-629.0624,-672.1313

Вариант 17
13.6000,10.2000,-14.1751,-0.8715,27.1948,10.1143,-16.1917,-27.3488,27.7015,-9.5925,-83.5035,28.1297,-67.8710,10.8160,-22.2229,-74.0771,-8.4892,-23.4594,-60.0915,-84.3887,-26.3018,-30.3431,-81.1034,-53.9505,-109.2477,-21.0008,-104.7533,-78.9396,-35.0121,-147.4410,-81.1893,-43.9765,-166.1623,-60.8554,-104.8405,-107.4257,-68.9338,-147.9654,-41.4088,-167.3175,-70.9626,-110.4575,-151.8318,-146.5711,-106.5570,-126.9340,-185.7489,-122.9015,-105.0625,-203.3463,-175.6587,-124.2067,-159.6477,-175.8238,-165.0960,-158.3819,-199.8681,-194.7620,-227.2796,-147.9337,-216.9691,-182.3630,-183.0005,-197.5355,-192.9934,-201.7662,-195.5214,-215.2149,-194.7404,-215.5875,-216.7592,-242.9199,-254.4946,-272.0769,-194.2692,-248.1236,-247.9027,-248.7472,-286.0040,-262.6341,-184.0373,-292.9731,-299.8678,-239.5495,-253.9324,-253.3946,-269.0672,-286.3067,-325.9701,-248.8712,-304.2552,-262.5958,-364.6913,-259.2025,-270.9242,-323.5510,-337.4489,-313.9556,-274.9694,-389.0693,-287.1924,-384.8553,-323.4130,-353.4747,-278.1350,-348.6372,-276.2828,-358.9712,-343.9025,-375.2433,-391.8756,-311.5914,-357.4469,-379.1922,-369.5224,-333.7817,-388.7057,-425.6010,-363.3262,-396.8649,-352.9299,-403.8899,-444.7206,-397.9763,-405.0880,-447.0289,-381.2874,-448.7325,-400.0490,-414.1552,-434.4021,-436.5652,-421.6177,-428.2314,-488.0111,-429.6883,-476.0622,-459.7284,-427.7345,-475.0582,-495.8924,-477.7594,-448.4115,-491.3380,-486.4141,-453.6902,-550.5880,-418.7877,-557.3137,-452.4659,-485.9409,-508.9844,-479.6435,-516.4283,-516.6942,-528.3286,-510.3382,-494.5679,-548.0113,-537.9949,-525.5917,-501.5727,-528.1017,-567.9137,-514.9793,-553.0444,-582.2731,-549.1069,-574.0883,-581.6710,-489.4276,-554.6114,-621.7472,-523.1808,-624.1422,-578.0582,-582.5439,-639.6581,-594.5779,-583.5517,-549.2685,-629.2012,-619.2475,-599.3209,-571.0511,-642.3580,-595.0595,-654.5903,-632.7485,-574.2919,-645.8692,-641.0167,-599.5081,-657.8969,-677.0306,-607.7307,-681.5877,-681.8842,-675.5012,-631.1399

Вариант 18
14.4000,10.8000,04.8362,09.7694,-8.5444,19.0093,25.8511,-24.5420,-28.4022,19.0373,-34.1854,-52.1273,18.2522,-55.3215,-41.0609,-44.9031,-61.9010,-60.8051,-14.9910,-97.4520,-76.2748,-74.1698,-36.0202,-68.8400,-24.0219,-89.4857,-101.8219,-66.5820,-86.1929,-118.0251,-62.7458,-124.7299,-94.4830,-94.9504,-123.1687,-103.4446,-136.1354,-142.5751,-129.6458,-124.6724,-137.7960,-141.9484,-116.5267,-135.3525,-141.3481,-149.0008,-142.2845,-222.2189,-125.8559,-130.1857,-154.4322,-186.5745,-169.9814,-183.8451,-177.1280,-200.9116,-172.0031,-237.2243,-158.0107,-174.2305,-234.9822,-246.7668,-166.5470,-234.6848,-245.3509,-261.1243,-215.7584,-247.8631,-246.7552,-208.6618,-290.0103,-219.1199,-207.9070,-280.6187,-189.6453,-287.0805,-236.6006,-251.5976,-254.4003,-267.0035,-240.5937,-316.6102,-286.0428,-317.4180,-266.8656,-307.7796,-297.8606,-319.7724,-286.3922,-272.9407,-384.8939,-315.5030,-253.8349,-313.8655,-374.4774,-245.4990,-390.7822,-312.5686,-311.8130,-375.5436,-344.7925,-346.9032,-347.3883,-339.8927,-366.8698,-312.9302,-366.3023,-397.9580,-348.5054,-379.8200,-409.4219,-382.0305,-347.8360,-399.2909,-362.0294,-400.6354,-445.7491,-390.9300,-451.7936,-387.3143,-406.8769,-433.5521,-467.4491,-417.9396,-357.3079,-489.5959,-415.5140,-363.2633,-507.0071,-445.4628,-459.8009,-486.0814,-407.6663,-491.1968,-454.6918,-505.0281,-478.6559,-474.3927,-465.1158,-510.4832,-484.0453,-450.9339,-562.7275,-478.5284,-502.0363,-544.7705,-483.8072,-509.7818,-523.8641,-499.9035,-510.9465,-543.7640,-508.4349,-564.4851,-504.1936,-600.3703,-531.3095,-587.8796,-531.1811,-584.3265,-561.9478,-512.0968,-614.0487,-596.5364,-534.3254,-558.0716,-642.0731,-547.8957,-555.9978,-619.7758,-594.1509,-570.7315,-576.0983,-586.0555,-675.8793,-533.5149,-616.0848,-657.0713,-605.3310,-559.9552,-703.7028,-618.0575,-652.5573,-640.5275,-649.1241,-635.4681,-662.5723,-683.6625,-646.6347,-706.1159,-693.3749,-638.0251,-672.4974,-710.8873,-685.9969,-692.1692,-685.5649,-654.5199,-712.8161,-678.0991

Вариант 19
19.9500,20.9000,12.1982,15.4506,25.5173,21.8243,18.0730,24.3447,30.2346,24.6870,25.6625,26.5575,31.2634,31.7130,32.0120,44.7045,36.5977,40.9731,50.8349,44.1892,35.0802,36.8058,27.0875,35.9057,36.5900,39.5713,35.9924,31.8704,27.4035,44.8950,37.1588,49.9395,43.8831,48.6226,61.1026,58.7462,60.9404,53.0385,48.7165,68.4948,62.6629,61.8151,63.9590,64.3587,63.8491,67.7897,87.3735,108.5315,81.2110,77.5436,64.6242,58.2888,66.1445,70.8288,91.7846,79.4185,72.5293,74.4318,68.5442,66.9938,71.4849,84.4722,92.2466,78.9310,83.0285,73.7297,85.1382,76.3041,80.7926,92.1255,91.5747,90.3720,93.9138,88.0617,88.1855,88.8970,87.4491,90.3668,94.2820,92.4663,80.7337,84.2761,76.5471,75.5334,102.6905,95.4290,103.6286,83.5804,109.9661,114.1295,90.4325,114.8856,110.5771,113.6595,117.9324,126.4614,112.0988,123.6470,117.2702,136.7804,122.1849,107.5316,113.7147,112.2426,104.3604,112.0910,110.3032,115.4559,110.6927,97.4543,93.1436,119.2382,113.7877,136.9720,125.2824,115.3268,143.0612,133.8326,127.1314,126.1398,132.6494,137.7574,146.2577,137.4712,152.7977,144.8346,146.9958,150.3832,152.5306,151.2248,146.6656,133.7170,130.3085,145.8395,145.2003,140.5732,160.1061,150.3114,151.9884,153.4165,165.9987,178.4183,168.2593,157.7194,155.9517,175.4500,185.0422,176.9770,167.6014,183.7878,177.8876,161.1845,180.1563,180.7372,186.5595,180.4390,176.6286,172.1882,170.7585,165.1279,171.6424,178.8933,182.5160,174.6666,175.9280,179.1770,182.5086,176.9448,173.9562,172.4116,189.1578,173.2332,185.9182,179.8275,185.9517,173.0435,187.1720,201.2448,181.0947,181.2588,189.6363,189.2222,187.6957,203.9683,221.0634,218.9859,212.4235,179.8829,178.9034,186.9046,189.3250,187.2532,205.0072,200.5209,195.5170,211.3563,208.5342,205.2082,191.8961,183.0299

Вариант 20
21.0000,22.0000,05.0784,27.9373,38.4300,56.9339,45.0893,30.8786,34.9980,37.3027,39.7079,38.6044,54.0236,53.0715,42.3619,57.4739,57.1278,45.4119,42.1086,50.0948,52.4970,55.8272,57.4123,42.1723,48.2078,31.2703,29.9561,46.6293,51.3041,68.8827,70.0465,76.6417,49.7171,54.9025,58.8787,54.5853,56.8731,56.2109,51.2396,76.9307,54.4428,67.9756,77.3941,70.2262,56.6291,46.6961,63.2445,74.5141,61.4978,51.7433,74.7360,82.8248,77.7681,76.9899,75.1885,73.0582,68.6087,76.9608,90.4966,101.2561,86.7037,88.8623,83.3356,87.8086,78.6317,91.8823,79.8789,79.9601,83.2137,83.1112,102.6624,80.3457,93.0322,94.3869,86.1529,98.1828,81.0504,86.3783,86.1280,84.2639,73.7094,96.0988,110.0296,106.0085,106.9907,115.1761,115.8029,111.3419,105.5245,109.4609,104.8923,108.5509,101.2025,112.0667,115.1680,118.5242,100.6151,118.0675,128.3968,123.2408,126.1386,105.1223,122.2277,138.8443,142.8924,128.9476,132.0548,137.5872,129.8057,124.9205,131.0203,140.9137,128.2498,143.6571,131.0921,127.5475,138.6125,153.7207,147.3074,143.3848,148.3932,148.1308,161.3813,158.5935,178.9853,167.4257,155.9573,149.9203,150.5867,139.8260,149.1804,168.6785,149.1190,150.7897,169.2885,162.6508,164.9075,156.9156,141.6958,144.1035,143.2325,144.6259,159.4332,166.8000,166.3827,173.2986,171.5029,154.5407,159.4621,158.7932,172.6419,187.5081,188.0737,180.6425,185.0660,173.9960,167.8134,184.8410,187.5577,193.1790,198.3984,193.9591,181.1034,192.9316,202.4126,174.1941,193.6110,206.0633,189.5881,197.1120,192.6058,192.5246,182.7947,197.6526,188.0752,194.8462,193.9587,191.7377,190.7208,209.2692,188.8576,196.7651,209.2205,214.6954,215.7137,214.3420,217.7462,214.8382,194.7666,219.7442,210.7948,200.4234,192.5095,204.9108,212.7125,230.1373,214.1981,209.3730,231.7403,219.4876

Вариант 21
22.0500,23.1000,15.5184,20.4189,05.0024,23.0475,31.3686,20.0626,21.6291,40.9808,39.7452,45.4339,43.2968,46.0075,54.1736,33.0373,44.1789,39.2111,30.5273,35.1961,36.6246,40.0357,49.3622,42.9491,56.6224,49.4352,47.1222,50.5335,61.6076,61.5590,52.1295,51.2913,58.4178,52.9199,47.7501,54.0138,45.0557,58.1986,59.1318,61.6399,74.8658,88.5819,94.6973,73.2815,78.6809,64.7840,77.0710,75.1768,84.1000,70.1974,82.1128,87.2356,95.7718,81.8076,87.1480,74.8408,86.2022,82.0774,88.9382,82.2121,87.8274,97.5102,93.9613,80.4587,75.3826,74.2996,92.8964,80.7793,75.6748,81.4210,79.3867,86.6405,96.7361,91.6521,106.9055,107.4895,97.8785,110.6710,109.6128,101.4869,113.2612,106.6430,104.0719,110.4531,100.1941,97.5902,93.0264,100.3329,111.9411,125.5826,123.3606,119.1846,113.9925,143.5025,128.2722,109.1115,112.7944,107.8640,111.6181,108.5084,118.2001,126.7556,133.2265,137.6899,137.0284,145.9773,149.6797,157.1286,142.0538,134.8630,134.9358,135.8290,137.3854,144.0624,146.7997,128.1147,138.4813,135.0863,129.5379,134.0995,156.1468,167.2996,150.0891,145.7256,135.9548,149.0134,159.3160,135.6914,156.1985,158.2749,147.5143,160.4389,184.7888,165.7455,177.9930,159.5020,175.7047,169.6966,157.4776,166.5152,168.6086,177.7041,183.9878,196.3959,193.4070,177.4605,191.3396,181.8228,198.1112,179.1709,196.2041,182.8815,177.8283,189.3917,190.6342,179.9841,181.2276,195.0632,168.8907,191.8616,183.5200,179.8833,191.7998,190.4535,192.5023,177.3495,183.4285,185.3846,194.9520,202.2575,224.9876,203.1156,198.7148,195.0162,213.1561,199.9627,204.9302,210.4818,214.2437,207.3832,222.0510,225.5375,242.7591,233.0659,225.4126,218.4965,207.7363,210.5383,204.1977,198.7692,198.5424,207.8847,216.0288,220.8935,220.6971,212.9438,220.6978,212.3859,225.6948,234.2582

Вариант 22
23.1000,24.2000,29.1294,34.9255,41.9944,27.1648,26.1388,19.1299,45.9556,32.9446,21.1348,34.1303,32.9870,36.6233,44.2998,41.3796,32.4160,21.4764,34.9741,38.1995,49.2775,48.8586,41.0175,53.0729,54.8368,47.1880,51.5524,49.7740,70.0177,75.8162,69.3985,69.2099,55.8079,57.4502,58.9626,55.4574,74.2341,59.3888,51.3054,62.3684,65.0854,79.0717,70.2604,74.9012,78.1568,75.6313,71.0858,70.2869,90.2963,80.1357,83.0305,80.5788,95.1841,105.3360,107.9234,86.3184,82.5442,82.4849,87.2369,74.4482,86.1457,101.1025,99.0564,100.4834,101.2056,113.4281,109.5165,104.1478,115.0188,108.9854,104.5256,122.2766,102.9539,93.7658,96.2976,91.4983,106.5497,108.7408,112.1525,130.0333,111.2401,124.2656,115.5628,128.5577,126.6629,123.2020,122.4744,113.3771,119.3897,130.3366,135.4189,128.6318,132.2436,130.7307,130.4650,132.7684,124.8102,136.9803,130.8805,144.9264,140.5631,142.4847,132.3843,158.9307,152.6718,158.0466,145.3038,143.4751,127.0547,150.1660,154.5883,151.5087,143.7717,152.5188,156.6254,167.2815,170.1012,169.0147,163.5754,161.6315,158.0798,168.8778,150.0925,163.8689,175.5735,159.1849,169.1554,171.5644,168.3632,175.7342,170.2690,169.1784,153.6831,154.4742,148.4777,157.0686,162.4411,169.1330,167.4769,157.0260,168.2405,163.5661,177.2501,185.3390,182.3396,168.5081,158.9542,175.3172,175.0495,181.2846,176.0698,174.5185,190.7663,180.1946,198.0845,193.6848,205.7806,191.2045,191.0717,201.4158,198.3500,178.2337,203.3863,200.3032,227.3189,215.3771,219.6836,199.6238,199.7534,207.6457,217.3631,206.3130,224.7909,214.6941,209.4926,197.2194,208.9534,215.3451,221.4204,213.5127,215.1998,210.5090,221.7506,220.2589,226.3587,231.3533,222.2892,235.9600,225.8462,220.1112,217.7794,221.1235,235.0408,229.0223,232.9272,234.7031,238.6071,257.1212,256.9923,236.1037

Вариант 23
24.1500,25.3000,19.1894,18.2255,30.4294,40.5046,38.6738,29.5692,41.8686,47.9419,26.3229,38.0483,28.5034,45.8346,51.8930,41.2216,47.4094,56.0713,54.2849,38.7733,45.1757,59.0641,56.4441,56.5870,40.5643,57.4706,51.9329,53.0277,68.1295,51.1731,50.1222,67.0726,50.4968,60.4739,61.7605,66.2960,79.5909,69.2372,91.6667,75.5569,89.1120,91.5349,83.1951,71.1271,78.5139,86.6339,73.1428,76.8715,94.3806,82.0646,70.1522,80.2270,89.1316,88.9166,88.3489,93.6875,87.2721,80.8887,65.9675,82.6866,82.7051,91.6901,98.6271,103.3247,107.0201,108.0418,112.1984,110.6151,116.3507,116.9174,117.4782,109.0962,98.2532,84.4714,102.5327,109.7155,113.3077,112.0602,101.1875,98.9728,128.7521,127.1404,112.7526,116.5198,127.7718,139.7193,141.6801,136.3580,117.6303,127.8945,128.2121,142.3311,119.5670,131.0601,146.3962,147.2146,133.6896,129.5645,147.1280,129.5782,139.7095,122.6346,128.8803,126.7469,154.8229,159.4524,183.0954,176.4834,171.8877,156.0151,140.3092,156.4062,165.9780,165.0449,161.5379,174.6609,173.2793,155.1554,157.2397,158.3018,176.4840,176.1835,158.8950,155.6323,159.6018,153.2729,166.3936,161.4183,171.6900,177.6360,178.5838,175.5230,179.4207,184.6918,169.6380,172.2524,165.9564,167.8846,181.2260,182.5145,172.4417,167.3273,179.2495,180.9993,180.6929,191.2072,172.8856,195.8369,178.8989,195.0354,201.2496,203.2569,209.0510,205.5852,202.1229,195.2868,198.4991,210.8110,206.3392,201.1360,202.1114,217.2724,224.6388,214.4366,219.6041,218.4386,208.2906,207.5966,205.1082,202.3995,231.6358,244.4584,226.7498,234.3889,219.1299,219.9527,220.4952,207.6660,207.5717,217.3744,243.8632,240.3521,232.1431,231.4563,248.7810,243.3751,248.2755,235.1292,231.7184,251.3043,253.2731,250.2479,259.4538,255.5871,242.2632,252.4315,246.8525,238.9333,232.2496,248.3273

Вариант 24
25.2000,26.4000,26.8121,30.0094,28.7027,37.0670,49.8296,46.3298,37.1687,45.4721,43.4395,33.8355,46.5822,42.9762,41.7131,38.0267,34.0572,31.6456,47.0714,39.0379,33.7066,30.4055,46.8426,54.4938,73.6333,69.5399,58.1657,58.1644,59.9975,52.9185,62.5932,57.0312,60.8301,65.0227,63.4980,66.7051,61.2204,54.8881,54.3783,60.4654,64.2306,65.5610,75.4419,81.4143,84.1859,82.8390,85.1880,63.0898,72.3625,88.8818,100.7156,93.6883,89.9703,86.3063,88.5653,84.5181,91.0938,78.6537,92.0783,104.8945,98.7146,81.2804,93.8194,94.4232,88.9820,74.9955,81.8844,84.5950,87.5528,101.5814,91.7416,101.5193,118.4483,114.7638,133.2808,123.0764,128.0730,128.3541,132.5840,131.3110,139.6319,125.1051,118.9520,106.5241,117.0541,118.0828,121.9669,117.2648,125.6826,141.4320,120.7552,116.2845,139.5598,152.7961,136.7212,156.9062,140.0807,145.6410,151.9856,144.7306,142.0640,142.3980,147.9239,155.7313,154.8808,170.8643,171.5561,159.3644,161.1982,160.8398,152.5865,151.6352,167.6976,170.7202,181.0593,178.2065,160.9188,160.8906,149.4343,161.8656,170.6825,171.7477,156.7623,159.4583,189.9665,180.5467,184.0887,207.0968,190.9592,183.9293,175.9066,169.3914,188.6512,185.6891,191.0580,178.4573,177.8005,181.7641,193.1426,188.7638,190.4693,205.7397,187.9504,191.8562,193.7820,187.2643,196.6351,202.9235,205.3415,212.0908,217.8186,212.8729,217.6321,207.6679,218.4229,200.5424,205.0677,194.9426,207.6931,204.4134,208.5668,229.0851,220.0030,209.5937,221.1373,235.5188,219.2288,226.8513,240.4624,236.7234,233.2113,240.6453,252.4746,259.2335,233.0765,252.0909,255.2289,244.3963,242.9640,266.0413,246.3852,244.9416,237.6104,242.7568,244.1702,251.8342,251.2392,242.9323,247.2187,237.3728,231.8491,246.8811,257.6391,251.9993,249.5209,250.0059,256.6059,273.7528,272.3549,278.0093

Вариант 25
-11.6667,-10.8333,-16.4345,-7.6317,-5.4728,-11.4365,-8.7912,-3.7489,-3.5007,-8.3531,-2.4941,-4.2188,00.4159,-2.2371,00.0722,08.2129,-4.5595,08.3792,07.9593,01.3849,01.7479,06.6865,-1.9035,12.4431,03.7199,10.7743,04.8007,07.1658,05.3127,20.3225,02.7630,23.5752,05.8046,20.8017,20.9767,16.0916,21.7157,13.8377,18.4627,31.7097,15.5388,25.9363,23.3828,25.1447,24.7241,28.6647,39.3701,42.5281,16.6161,37.1673,20.4346,29.8171,33.4081,33.0503,46.5716,25.5150,36.5059,35.5085,32.3813,35.8072,38.5384,45.2673,43.6900,33.9434,46.9203,33.8001,51.9989,34.1406,49.9400,49.0328,46.2749,47.9690,50.8174,45.2445,50.9975,49.4874,49.9733,53.0915,54.1033,52.0152,46.7761,56.6015,46.2886,54.2789,69.6598,49.0093,68.1547,43.4167,80.9923,57.1181,52.8028,80.0949,56.3588,72.6513,67.2594,75.1504,59.7202,80.8550,63.1203,88.0533,60.2865,70.1995,75.1828,70.5820,69.0517,78.5314,70.9561,79.7081,71.3725,69.2357,72.7764,90.7727,70.3761,98.7808,69.9906,82.5784,99.0260,76.3383,87.2242,84.2873,91.3593,89.9921,95.5733,85.0249,104.3790,85.2177,99.8269,94.9934,98.6459,96.1667,95.7354,89.7718,95.7308,105.1748,95.7830,98.5405,112.6594,93.4926,108.3922,102.2688,114.1759,113.2414,103.7294,105.7785,108.0221,121.4217,115.5506,110.8453,110.5693,125.5568,109.6674,109.3767,128.6710,114.0206,125.9670,114.9060,120.8697,117.1311,120.4607,116.4520,125.6096,124.6266,126.0496,119.8309,127.3310,126.2598,128.8669,123.6769,127.0674,126.2719,139.2820,117.5119,143.0951,122.9480,140.0680,121.7945,145.5862,139.2961,125.2501,140.0326,139.1050,137.4335,138.3230,150.1688,151.1518,144.5102,145.0819,126.2232,146.7797,143.0954,144.8174,142.7018,157.2195,141.9851,148.6951,158.5010,147.3702,152.5923,143.1485,147.3303

Вариант 26
-12.1333,-11.2667,-22.3477,05.0393,-8.3121,08.1686,-13.1694,-7.0593,-1.6645,-3.2320,-0.6463,-2.5099,10.0359,-1.0448,-1.3602,13.4087,01.7229,00.8372,03.9498,09.7854,06.7737,10.6656,09.6330,00.4276,15.1007,-4.5728,11.0004,15.7340,11.8927,24.9408,14.2997,24.5958,00.2662,25.8295,14.9369,17.1622,19.9725,18.3299,17.0245,37.4284,04.6374,38.5174,24.3122,24.4633,18.6790,20.4482,34.8736,30.6245,21.2816,24.7555,42.5652,32.3553,32.3595,34.4908,33.4503,34.1175,32.4943,41.3238,44.1156,46.3474,32.9101,46.8852,36.4604,47.4637,35.3197,54.2511,33.3329,48.8140,44.1820,46.3119,59.2819,32.3687,62.6886,45.1696,48.9548,58.7935,39.4092,59.3308,48.3938,53.6697,45.5835,69.0377,60.1013,58.2118,62.1184,66.2613,62.8459,62.3374,61.1670,67.2823,60.8334,68.9865,59.7581,75.0312,66.8075,73.0897,57.8571,84.0447,72.9863,72.6018,77.4112,60.9964,88.5795,81.1305,82.9816,72.3768,85.3656,82.4904,77.8629,80.4803,85.8332,88.6857,76.4858,98.0453,74.7197,89.1744,91.4720,97.6736,86.2279,92.4401,94.9471,92.8159,103.7693,92.9839,113.8670,89.8886,99.0520,95.2351,100.5668,91.4717,106.8091,109.9876,89.8260,108.5071,111.9089,100.5832,110.9298,100.6430,99.2705,107.6018,103.0196,107.4967,115.6318,112.5064,112.3020,118.1205,112.6755,105.6551,119.0670,111.2413,125.5762,124.6700,121.5114,118.9147,126.6058,114.8724,121.2740,132.4525,123.9652,132.0175,130.5639,127.5580,122.9369,138.3848,134.0054,115.1891,147.9148,134.3478,126.9637,142.1301,130.0015,138.4804,128.7481,147.7294,127.8679,146.4718,135.2878,140.6616,139.0038,153.5040,127.4300,153.5092,147.1040,150.7715,148.7583,149.4777,152.8113,149.0378,139.4794,168.5676,140.6980,151.6683,145.3310,160.3718,154.8855,167.6113,145.7807,159.7590,170.2564,150.3501

Вариант 27
-12.6000,-11.7000,-16.5544,-7.3330,-22.8549,03.0750,-9.3576,-12.4524,-5.0919,04.6067,-6.5169,04.2493,-3.4548,03.9168,05.7715,-10.9687,12.8745,-5.0728,00.7676,04.8545,03.2071,06.8287,11.0985,02.5794,19.0922,02.4866,12.6431,11.6101,19.3722,12.7674,10.7996,15.3679,19.1141,12.2003,15.0433,20.5209,10.7220,28.3695,16.7869,24.9392,29.8443,33.1272,31.9906,17.2432,36.3552,16.7348,40.3686,24.1932,39.8612,20.7844,43.9005,32.7859,43.3264,26.9013,44.3288,26.6301,48.1561,31.8561,46.9549,33.6345,47.2803,46.0408,42.0671,37.2352,41.7679,41.4715,55.3786,35.1481,46.8994,47.5560,44.9561,52.7701,54.1756,47.7182,63.8105,52.0692,52.3379,64.9355,54.6671,55.7368,66.7601,53.9116,61.8278,63.9809,54.9379,62.1431,57.3660,67.1468,68.5597,74.0782,66.2904,69.1410,66.6463,90.2977,59.4818,68.1927,73.6794,67.4215,75.6967,69.2346,80.9633,78.5720,82.2298,82.2195,81.2958,88.9442,85.6053,92.0065,77.2731,85.8708,85.0174,87.0154,87.7562,92.3184,90.6365,79.1083,99.0118,84.3412,90.1093,93.1157,105.7902,100.5391,88.9733,98.5841,89.7193,107.1144,101.9323,86.3394,116.6821,97.0594,100.0049,111.7354,118.7952,95.4531,122.6370,93.6352,126.1015,101.4620,108.6385,116.1483,111.7765,120.3283,118.2097,126.4465,117.1995,113.1882,130.7622,112.0043,136.4144,107.1530,140.4526,110.2434,127.4200,129.2250,126.2964,121.2465,129.1505,135.0077,111.0189,148.0514,117.3171,134.0404,135.8352,131.0681,136.2663,123.8824,140.1780,132.3079,142.9692,140.3197,155.3627,126.6832,146.3797,136.5327,155.7823,132.3153,152.7583,145.5820,150.8275,143.3772,160.1677,150.2075,166.5065,147.1543,155.9593,150.4971,149.3601,156.3834,148.7107,152.0415,153.0344,159.8418,159.7534,161.3261,159.7872,156.4532,166.8740,154.5377,173.3490,166.2160

Вариант 28
-13.0667,-12.1333,-8.6471,-7.1359,-4.0776,-16.8161,-5.1543,-14.2825,11.5351,-17.9563,-5.7135,01.7987,-6.0181,01.7289,02.7943,-1.2107,-3.1772,-5.4659,09.3569,00.6298,12.3369,03.5448,03.8864,15.3996,07.8337,06.9629,13.8908,08.8198,26.4772,15.7996,15.9605,18.9269,09.6052,20.8616,16.7275,16.9869,31.5768,09.1595,20.9609,26.1633,22.7191,33.8931,18.8032,33.4125,27.7645,28.8530,27.1536,30.0192,43.2256,24.2123,40.0690,30.5745,46.9092,41.6747,43.6663,28.4380,41.7710,37.3563,43.7848,31.4941,50.7340,48.2195,44.1604,48.8566,47.5476,57.1431,46.6968,50.6780,58.7576,48.1052,53.5027,65.1579,41.5648,54.7101,53.9214,51.3056,65.2809,55.7702,63.1030,71.2532,49.7224,76.4692,53.9854,77.8248,61.3436,68.9419,66.8446,63.1043,73.0486,74.4035,74.4986,69.2656,77.5857,72.2464,76.2765,76.9190,71.5579,86.0379,71.7080,91.3034,74.9482,86.8947,74.5806,102.8354,76.7199,96.4805,77.3467,90.9754,74.8570,104.8306,86.1216,92.9822,86.4538,99.1617,93.6631,103.1810,97.7831,99.8512,96.5865,99.7693,97.4914,108.0463,87.6793,114.3422,105.2549,96.0047,113.7729,104.2047,107.0850,112.6592,104.8050,110.8601,98.8993,111.6054,102.0244,115.5743,110.5507,116.7662,111.3572,108.6798,122.0118,109.5247,127.4824,120.3681,120.2627,113.1276,115.9696,129.6752,118.2230,129.2284,119.2042,125.9536,134.9612,119.0270,143.4780,123.3894,143.9974,120.9775,138.2909,137.6079,133.4908,124.1937,153.3494,129.3653,161.4289,129.4640,153.3313,127.6224,148.2832,144.2044,151.1246,138.0920,161.6436,138.0106,150.7584,138.9695,157.8111,149.7734,156.7452,146.9957,156.6645,149.1738,163.0105,152.3838,163.2943,160.1688,155.0573,170.7816,152.6533,162.2988,158.8665,164.6226,170.9414,160.1639,171.1954,166.5953,171.9394,181.3421,171.4168,163.5300

Вариант 29
-13.5333,-12.5667,-16.4404,-12.0426,-4.7176,-4.6646,-8.2034,-10.8267,02.7860,-3.0046,-15.4798,06.8478,-13.5211,12.4658,-1.1991,-2.4338,06.9327,07.0281,03.9688,-3.1805,10.8996,12.0510,06.1659,11.1437,-1.0080,22.7463,02.6086,16.3199,20.2338,03.0053,17.6378,23.0388,04.7043,27.1148,14.5083,24.4730,27.9087,15.9234,41.3870,11.5055,41.9197,24.8761,28.0970,22.2879,35.2063,32.7648,23.3514,36.1077,41.2261,25.6865,30.6867,39.9406,38.9585,37.4046,38.9414,42.9880,35.9749,38.4310,30.4500,51.6269,36.5444,51.1362,46.5366,50.7225,50.5939,51.1742,54.3812,51.4033,58.3104,54.3894,57.6016,51.2873,51.0764,46.6750,66.5772,56.4608,62.5862,58.5611,54.8077,59.8988,79.0111,59.5207,61.2779,68.7734,72.3379,75.8366,72.4786,71.0226,62.1062,80.7165,69.2683,85.3659,58.5013,88.2504,80.8355,81.0432,72.7166,79.7048,90.3615,68.5454,93.1242,67.1411,91.0548,76.6605,104.3527,85.3009,110.1123,86.4843,98.5052,84.5116,87.3953,102.9868,97.2732,97.3840,96.3683,107.8605,97.8857,92.3177,103.5991,99.0384,114.1528,101.4012,97.4182,104.0641,105.5417,100.3271,114.8579,100.9687,117.4862,110.8342,113.8768,111.0657,117.1566,117.3926,106.5484,119.7980,109.1711,118.9354,123.3714,118.6319,114.9237,117.7924,127.0777,120.6942,124.1651,130.6080,112.7340,144.1458,110.5641,144.8253,127.5253,136.5088,136.2773,133.2178,134.6613,131.6030,138.6190,143.3149,134.9483,138.2201,140.0355,149.9767,145.9301,139.7631,150.7590,143.8282,141.9834,146.8925,144.0770,145.5751,166.2864,155.8004,146.0302,162.9776,142.8515,159.6161,152.3879,148.3350,155.6416,159.6215,173.0899,156.2520,161.4354,162.1888,174.6575,160.1110,173.5198,157.4844,168.6770,178.3415,169.3599,172.2443,179.0145,171.0495,168.5050,182.0641,169.2424,173.3002,170.5219,185.9241

Вариант 30
-14.0000,-13.0000,-12.5253,-9.6684,-11.9338,-3.6893,-0.9913,-7.8276,-8.2503,01.6503,-6.3229,-6.9614,06.1570,-5.9551,01.5609,-3.1337,-1.1039,-1.3034,10.9841,-4.5572,03.4371,00.1163,14.9351,08.2474,22.9005,07.5652,10.1145,13.7304,14.2450,09.7574,21.9106,10.0011,21.4425,18.3505,18.5825,22.2128,16.7721,18.1992,20.3566,24.6059,24.0623,25.0660,31.8079,30.2250,31.9733,30.3774,34.2903,17.9187,40.7524,38.3575,43.0378,33.1681,39.0668,36.0140,41.3678,36.3397,45.6867,31.6279,52.8537,47.4100,42.8399,36.6621,55.0217,43.1648,46.3645,38.3541,52.7140,46.1449,51.5978,58.3378,44.8317,62.4832,62.7842,55.6343,73.8821,52.8829,71.2151,61.6709,70.2692,64.8114,74.6119,58.3535,68.3229,58.2040,75.5261,65.1408,73.6799,66.0809,78.1597,80.9140,61.6025,76.2701,87.0433,83.8225,71.4042,97.5283,67.6209,92.9900,83.7818,82.5343,84.8986,85.9280,90.0859,92.4699,89.2085,102.8784,92.2768,90.3192,97.6844,94.2516,91.6853,96.1853,106.0607,98.8840,109.4575,99.9225,95.2158,104.4129,93.2862,112.0559,105.5052,107.6517,97.3331,110.3849,124.3991,102.0427,119.8222,126.1905,105.6786,117.7272,109.7977,113.1932,127.6071,113.1055,126.0228,110.4741,123.1108,120.7539,129.2968,119.4133,128.0516,134.4442,115.3983,134.5549,126.0585,126.4197,135.7588,133.2579,135.1242,138.9846,139.7232,135.2474,143.4067,132.1979,149.3937,126.3904,147.9691,130.0213,151.9705,135.6593,148.7771,155.6126,140.4006,145.1945,155.0631,156.9685,141.4620,160.8270,158.7777,153.8726,156.3300,162.3281,165.8372,165.7455,147.2004,178.9682,159.9382,162.2855,164.8678,180.5390,153.0069,173.4625,159.9285,173.6702,167.1261,176.1363,169.7799,168.7185,175.9758,165.4544,171.4146,181.3971,179.6672,174.2862,178.3044,178.5448,183.7629,191.4851,182.0764,192.1164

Вариант 31
16.5333,17.5667,10.0206,20.8220,29.3182,14.3034,15.9092,31.5575,28.4844,15.8817,27.3331,30.9570,29.1082,27.8850,30.9057,42.9995,25.3456,35.3936,48.5639,29.5226,26.9517,44.6242,30.9763,41.2980,42.2235,40.5795,37.8091,39.2070,39.4356,57.7196,37.1822,52.5951,47.1760,50.0829,62.1577,49.7743,53.2290,51.5808,51.7241,73.5335,52.3050,53.2711,67.3226,62.1624,58.1113,67.5822,83.0169,83.7519,43.5932,69.7128,71.0315,59.0958,74.5504,76.5500,86.1094,62.5212,68.0902,83.9508,70.2841,70.6003,83.5294,89.2890,83.2002,69.0056,88.8293,79.4514,89.1056,78.5510,87.4028,98.7594,85.8055,86.0256,97.6384,87.6483,90.0900,96.2270,92.4891,95.6940,100.0055,94.8655,86.6849,102.4316,93.3196,93.1662,123.9149,94.7087,103.0738,94.4071,127.5966,112.1691,80.3721,134.6139,115.6589,102.3160,121.0998,127.4812,100.5204,126.3036,120.2110,131.4740,109.9113,107.9077,133.0403,121.4735,108.7230,131.5225,125.2941,123.3015,122.2299,115.5455,122.3482,149.6214,120.4094,143.0295,129.4336,121.4490,162.0595,130.8190,122.6960,145.2035,148.0301,138.8342,147.9260,138.8401,156.9984,141.9290,145.8790,155.4253,151.5762,147.7687,149.2850,142.6398,148.8060,166.5235,150.4236,145.7171,176.6098,150.7595,153.0381,167.1171,172.4367,170.2581,155.4607,159.1564,169.7310,183.3120,173.9938,161.0395,167.6721,191.5922,167.8104,154.6793,197.6511,180.6535,172.4249,177.7282,180.5955,176.0845,178.6990,177.0802,186.2548,188.4854,184.5446,177.9593,188.7148,191.5737,188.1110,183.1814,188.2420,190.1789,203.9870,177.4385,201.0481,195.3678,195.5270,185.6488,209.3572,212.5839,176.8143,200.1514,217.6162,196.4114,196.5292,223.7685,222.3185,201.3754,207.1089,190.8198,209.6016,219.3221,206.1795,205.2000,230.4064,210.4762,204.9322,234.9594,217.7133,209.4371,212.5570,215.0236

Вариант 32
17.0667,18.1333,03.2697,38.1038,32.3515,30.6021,17.0077,17.5349,35.6811,29.9589,25.8707,29.8993,46.1106,31.4948,21.7211,52.7135,39.7615,20.7680,38.6944,51.1697,37.3846,40.1357,47.4390,30.4731,47.3283,32.9133,38.1936,60.2759,47.1302,56.4773,54.1152,57.3140,31.9334,58.6442,63.4622,44.1783,55.0068,60.2942,50.2226,78.2358,42.2410,66.2383,78.5765,52.6672,49.5436,62.5436,79.6121,70.5294,50.6317,61.8287,93.6543,73.8788,59.3686,78.1983,78.2484,69.3028,71.4299,86.0357,89.0319,85.6608,69.3759,87.5441,84.1295,84.4258,77.4515,97.5323,78.0104,82.7681,95.0641,87.8120,103.5714,73.9495,100.6962,101.9564,81.7400,105.1315,86.8898,96.4234,100.7225,94.2725,87.7319,119.7480,114.2262,92.2433,108.0398,121.1342,106.4996,103.1446,110.1977,116.7207,106.3567,114.1056,109.6123,122.0404,118.8263,117.0850,103.5600,134.8957,132.1311,109.9774,126.6708,112.6834,136.0593,142.4527,126.0028,116.7737,139.2322,139.9823,120.6596,128.7118,144.3278,141.7205,120.8839,151.4281,133.1944,129.2316,152.9268,155.5240,131.8044,140.9394,156.9227,145.0849,155.3054,150.3512,168.1699,145.7636,142.3424,156.2271,157.2416,141.6144,162.0378,176.4384,135.9967,156.7334,185.9427,151.3509,157.1213,165.5843,150.9194,163.0406,165.2625,161.5211,176.0316,173.6476,165.2831,177.7360,173.8494,156.4804,178.8670,177.3971,180.9813,188.9242,179.4327,173.9832,189.7257,175.9297,174.5834,201.4856,187.8271,185.2109,196.8100,188.7949,178.3293,204.3330,203.9171,163.3670,211.1782,216.3499,171.7788,202.6139,206.7982,193.2197,189.5285,216.9078,194.2672,201.4913,207.7060,201.6105,202.6068,223.7777,190.0060,210.6121,228.3948,211.8918,209.6557,218.7120,221.4253,213.2962,200.2244,242.2230,214.4855,200.9219,219.3732,234.8973,222.4675,233.2808,214.8401,221.1871,251.4774,216.9377

Вариант 33
17.6000,18.7000,12.1274,23.5554,08.0123,33.0308,31.7948,07.6552,25.9698,48.8422,22.4603,28.8060,36.6540,35.3246,39.6097,17.7665,45.2821,37.4531,22.9393,42.2921,42.6260,36.8366,47.3829,37.8368,53.0097,40.8713,40.9018,52.6425,57.8817,46.5741,41.7406,54.3970,60.0817,45.0486,47.6909,63.6394,46.8155,62.8582,61.4646,57.4387,72.0108,76.1321,68.1607,49.1577,76.6856,62.0467,72.8599,70.3327,76.3340,60.4966,82.2246,82.3334,78.3601,65.3119,85.0945,72.0156,84.5481,78.9819,84.4972,77.6695,87.2471,94.5644,81.0140,73.9738,86.6775,88.0328,99.7740,76.9872,82.7027,100.8096,87.9703,93.0279,104.7978,90.1783,107.5826,103.2938,89.1279,114.2046,106.2540,91.7665,117.2377,104.8005,99.3191,116.1685,101.8375,103.0135,108.4326,115.8233,118.8519,122.5350,113.1328,113.9510,117.1890,145.6467,107.6143,99.9591,135.4502,120.6853,115.9973,122.4456,133.8305,130.9732,129.9965,134.5307,132.2570,140.7714,139.4395,142.3141,126.7431,133.4656,143.4460,138.4776,138.0845,147.5927,145.0749,125.1258,153.5069,146.1271,133.0889,150.1380,169.0311,154.6874,132.3466,153.8486,151.2956,159.1395,162.2558,133.1321,173.5751,166.3145,140.1327,172.1301,189.9455,140.6944,172.4609,164.1234,175.8191,164.3911,156.5467,180.4859,174.2999,173.5825,180.1289,187.7290,174.8676,164.9891,196.4189,175.7817,188.6533,171.3715,197.0302,177.6184,175.6065,200.2649,188.9960,172.7787,192.3622,206.0063,162.9667,207.0346,194.9265,179.8340,205.7570,198.0645,192.2228,185.6493,204.9611,201.1834,202.2969,207.6053,223.5062,186.5709,200.8270,213.8838,220.9245,193.4135,212.8002,223.1514,211.8174,205.0286,231.1216,222.2822,228.1533,215.5776,216.8009,221.4765,214.1272,223.6254,218.2427,215.2627,222.9805,231.4118,228.8907,228.0115,228.9104,223.8092,237.3619,225.2802,240.4841,243.7636

Вариант 34
18.1333,19.2667,23.8039,26.0480,28.2536,11.5902,24.4961,23.5557,46.1036,15.7312,13.5557,48.0769,30.2286,25.5122,43.1947,34.1369,23.9134,28.4558,50.2751,37.8086,41.9637,42.9034,35.3308,53.7553,48.0461,35.1992,52.1358,49.9286,62.7924,56.5719,46.0110,57.6947,48.1370,55.1990,59.4319,52.0842,72.8196,48.3228,48.8308,75.9669,64.0211,68.1205,60.0697,70.9461,73.1166,64.7829,65.7775,72.5211,89.1320,62.8556,73.8141,80.7675,88.2435,85.9734,82.5959,66.3920,82.4741,87.4323,83.3228,70.6723,95.5333,101.6747,79.9858,89.4330,98.1707,102.1599,88.9507,90.8705,110.4208,93.1107,90.6413,119.7093,85.9162,86.9845,111.4523,97.4041,107.9661,107.6879,106.2414,123.0013,94.0330,118.8356,111.5382,119.1392,113.9521,111.6567,117.7243,110.3463,121.3159,129.3398,121.9622,114.2740,128.9295,125.6258,121.7202,128.7642,121.4663,136.8827,125.1985,139.0247,130.8797,132.5364,127.7784,158.6036,132.9551,137.0257,136.1704,140.1796,126.8849,159.7039,148.5474,133.5620,141.2903,158.5700,149.2211,153.6322,155.9770,152.2790,149.8982,155.0535,153.5531,164.4168,140.9888,167.1873,174.3676,140.2910,168.1424,173.4146,155.1284,169.4459,166.3925,163.5791,154.6068,168.8567,163.6256,170.5589,173.0230,173.7957,169.4728,163.9264,184.5841,171.6194,182.3820,187.3321,175.3740,168.3851,176.4791,197.1914,179.0136,183.2542,184.9049,184.7275,200.7695,179.4875,202.2444,193.5852,200.0420,185.1210,195.8856,209.9585,193.2890,178.0662,225.4530,201.8546,214.6493,200.3731,210.4861,195.4986,207.1322,218.5947,214.9873,198.2224,229.7324,209.9880,203.6591,209.1295,227.6553,219.6405,217.8075,214.4834,223.4082,218.2454,229.5898,222.9757,227.6986,232.5096,219.6114,240.2099,225.0180,221.8573,232.8582,235.7115,241.6188,227.9585,238.2793,242.4886,239.9898,255.2710,243.7293,223.8595

Вариант 35
18.6667,19.8333,14.5461,19.6422,33.2293,30.4837,20.3887,20.2259,42.0233,35.0234,06.7140,43.2743,30.8148,38.8717,41.2668,25.8074,42.7424,50.3529,35.1092,26.1128,51.6238,57.1229,35.3719,44.3198,39.0158,60.5180,43.8383,44.8990,67.4573,37.8250,46.7064,75.2096,38.8057,57.0567,66.3732,58.6864,68.6103,55.0775,81.7732,55.2784,73.4430,77.2592,59.8660,59.6003,82.0383,78.8363,55.0026,77.1531,95.8218,60.2552,61.7380,94.8836,86.0270,70.5537,82.4678,92.1421,75.9455,76.4698,75.6377,98.9070,84.3066,88.1962,97.8189,94.8232,94.1126,96.8661,101.0661,96.4602,103.7101,102.7732,101.4752,96.4685,94.9128,92.3126,118.0159,109.0977,101.5196,108.0101,101.7983,105.6070,136.3498,109.1860,94.3128,125.2928,130.3704,120.1740,119.8522,121.1825,108.2354,131.9018,126.3348,130.8430,107.0189,136.3335,146.7493,123.5426,116.9371,135.2324,150.3681,113.4659,139.1699,129.3645,135.2808,134.8504,159.6745,143.3025,158.1032,145.6892,143.8136,140.4100,137.5084,163.3653,157.5329,143.5594,151.0679,169.9804,153.3062,136.7291,163.3104,162.6897,167.0428,158.9694,146.4937,162.0099,168.7253,152.5967,171.8718,163.6775,170.3650,174.2128,169.2353,167.8660,177.4330,178.9495,159.5412,177.2662,174.8276,173.1582,187.7528,179.6711,167.7858,178.2170,194.5633,180.7713,178.7705,197.6546,171.8480,202.9783,179.8784,197.1303,201.8370,192.0564,199.5790,197.5100,194.7446,194.0531,203.3115,211.1757,195.6594,197.0019,209.1081,218.3428,210.1111,198.1494,217.8831,214.3434,199.0955,212.5635,214.6023,207.4566,238.1926,229.5806,197.9231,231.2585,218.4999,216.1543,225.2940,212.8716,220.5943,234.1774,245.7772,221.1575,221.1747,238.2211,248.8046,225.2484,237.8432,232.4254,232.8116,255.9971,241.2807,233.7159,255.3332,244.6456,229.6926,257.6834,246.1907,233.9383,243.8697,264.9908

Вариант 36
19.2000,20.4000,20.8996,24.5054,21.9773,30.9481,37.9975,23.6559,21.0267,42.4483,31.4437,19.2479,46.9740,34.8576,28.0677,35.8731,36.0025,33.4153,50.9158,32.9591,31.9697,42.5256,56.6226,46.9481,59.1284,48.6952,40.2339,55.6358,57.0823,43.4423,61.6676,53.7003,55.3701,62.4708,57.3236,61.1072,57.6133,55.6747,62.3050,68.0062,64.7987,64.4870,76.1538,74.3069,70.7681,72.4247,77.9647,55.9802,81.8146,94.7823,81.6018,70.6307,83.1745,83.7847,82.6519,79.9450,90.9847,75.6885,95.4958,102.3933,80.2880,74.6776,108.6153,94.5560,79.8525,84.4961,104.0767,95.0171,92.0217,110.6516,91.4626,104.6345,121.4093,99.0609,119.4567,106.9188,112.4595,116.2880,117.3679,113.7568,124.3701,107.0661,111.4146,111.7616,126.0788,118.1595,118.9106,118.4105,129.5540,137.3516,105.0283,121.0213,155.2085,136.7048,108.5877,155.9197,128.8650,130.1881,148.1013,132.7524,132.5361,143.5258,145.7482,145.5950,142.0658,159.8863,149.7805,135.5147,155.0692,154.9933,139.8162,150.4942,170.2587,154.3085,160.3999,160.5541,145.0945,160.6062,153.7071,166.5993,168.9509,160.3390,150.5609,169.5814,194.5291,154.8540,167.3319,202.8024,159.5515,161.7868,180.2579,171.2728,187.3935,175.9916,180.3274,172.4540,180.1985,186.5993,190.2660,178.3962,186.5196,203.7674,171.9538,189.1801,199.9189,182.1076,196.8357,203.0217,194.2844,201.3577,206.7354,195.8524,205.6919,197.9720,211.8755,191.2468,206.2626,201.3060,213.3612,204.1820,208.7222,229.6350,203.5541,200.0605,231.1325,229.8502,195.7020,225.7647,241.2713,212.4111,216.4884,239.2032,237.0362,229.0427,208.8157,251.1769,240.4311,214.2718,235.3965,262.9227,215.3678,229.8261,243.6919,240.4960,235.5572,247.0616,242.7408,233.3441,248.5120,238.2329,235.9732,259.5801,255.8956,237.5181,248.7616,256.7323,255.3200,265.9546,255.2901,261.6328

Вариант 37
19.7333,20.9667,12.5482,24.7706,34.3997,17.5788,19.4562,37.1314,33.7449,19.6377,32.5914,36.7391,34.7300,33.4247,36.8939,50.5702,30.7804,42.1552,57.0427,35.6921,32.8707,52.8230,37.5400,49.2227,50.3347,48.5561,45.5102,47.1537,47.4818,68.1220,45.0883,62.4987,56.4731,59.8142,73.4691,59.6085,63.5660,61.7826,62.0146,86.6210,62.8098,63.9675,79.8462,74.1119,69.6252,80.3508,97.7857,98.6834,53.5757,83.0311,84.5854,71.2286,88.6859,91.0062,101.8314,75.3655,81.7015,99.6155,84.3113,84.7378,99.3539,105.9043,99.1252,83.2271,105.5996,95.1204,106.0521,94.2490,104.2782,117.1251,102.6228,102.9413,116.0765,104.9085,107.7263,114.7012,110.5669,114.2433,119.1645,113.4528,104.3205,122.1064,111.9262,111.8245,146.4876,113.7015,123.1830,113.5038,150.9129,133.6277,97.9269,159.0198,137.7663,122.8263,144.0290,151.2788,121.0188,150.0957,143.3124,156.0541,131.8669,129.6837,158.0287,145.0869,130.8134,156.5337,149.5976,147.4267,146.2920,138.8428,146.5667,177.3199,144.5273,170.0456,154.8212,145.9093,191.6669,156.5923,147.5247,172.9165,176.1672,165.8926,176.1918,166.0410,186.5398,169.6576,174.1722,184.9826,180.7232,176.5106,178.2873,170.8823,177.8901,197.8931,179.8516,174.6275,209.4526,180.4419,183.0762,198.9859,205.0413,202.6612,186.0850,190.3135,202.2807,217.6301,207.2181,192.7153,200.2478,227.2287,200.5450,185.8433,234.2575,215.2061,206.0197,212.0567,215.3533,210.3493,213.3614,211.6111,222.0033,224.5836,220.2210,212.8834,225.0542,228.3412,224.5166,219.0416,224.8056,227.0554,242.6604,212.8642,239.4958,233.1763,233.4262,222.3841,249.1268,252.8277,212.6577,238.9828,258.7016,234.9170,235.1204,265.8354,264.2749,240.7848,247.3058,229.0514,250.2518,261.2582,246.5436,245.5125,273.9405,251.5899,245.4237,279.2751,259.9441,250.7042,254.2849,257.1307

Вариант 38
20.2667,21.5333,04.8784,44.1334,37.7288,35.8273,20.6003,21.2601,41.7412,35.3705,30.8378,35.4367,53.7411,37.3649,26.4362,61.3693,46.8650,25.5640,45.7979,59.8993,44.4576,47.6193,55.9022,36.8823,55.9110,39.7608,45.7678,70.6770,55.9548,66.5369,63.9463,67.6115,39.1251,69.2414,74.7284,53.1006,65.3494,71.3643,60.1004,91.6820,51.2544,78.3181,92.2652,63.1840,59.7365,74.4283,93.6969,83.5456,61.2274,73.8907,109.7611,87.5804,71.3230,92.5731,92.6961,82.6990,85.1586,101.6569,105.0942,101.3684,83.1146,103.6204,99.8457,100.2457,92.4662,115.1238,93.2284,98.6474,112.5471,104.4551,122.2512,88.9931,119.1499,120.6343,97.9575,124.3396,103.8844,114.6763,119.5795,112.3899,105.0984,141.1831,135.0378,110.3737,128.2114,143.0094,126.6121,122.9043,130.9058,138.3108,126.7179,135.5022,130.5139,144.5621,141.0129,139.1206,123.9716,159.2910,156.2475,131.3912,150.2379,134.5688,160.9334,168.1926,149.7532,139.4371,164.7696,165.6801,144.0087,153.1342,170.7687,167.9023,144.5277,178.9567,158.5104,154.1189,180.8427,183.8312,157.2133,167.5568,185.6048,172.3539,183.9186,178.4118,198.5245,173.3841,169.6019,185.2889,186.4968,168.9828,192.0259,208.2932,162.8629,186.2584,219.1855,180.3365,186.8948,196.4823,180.0510,193.7540,196.3203,192.1779,208.5689,205.9536,196.6102,210.6864,206.3806,186.9071,212.1587,210.5718,214.6706,223.6730,213.0618,206.9977,224.7747,209.3209,207.8730,238.2047,222.9055,220.0290,233.1446,224.1942,212.4872,241.8079,241.4067,195.8545,249.7089,255.5937,205.5178,240.2740,245.0480,229.8388,225.7528,256.6213,231.2173,239.4111,246.4692,239.6784,240.8659,264.7499,226.8234,250.0720,270.1441,251.6449,249.1960,259.4510,262.5701,253.4916,238.8525,286.1675,255.0295,239.8371,260.6615,278.1928,264.2759,276.5076,255.8285,263.0355,297.1787,258.3882

Вариант 39
20.8000,22.1000,14.7684,27.6874,10.2638,38.4721,37.1441,10.0496,30.7160,56.5100,26.8928,34.0942,42.9858,41.5527,46.4359,21.9248,52.9423,44.1973,27.9317,49.7661,50.2042,43.7537,55.6807,45.0039,62.1359,48.5427,48.6395,61.9103,67.8669,55.2083,49.8331,64.1341,70.5919,53.7422,56.7773,74.7818,55.9174,74.0279,72.5227,68.0560,84.5121,89.2111,80.3058,58.9899,90.0213,73.6150,85.8424,83.0618,89.8757,72.1212,96.6277,96.8125,92.4052,77.7884,100.1063,85.4551,99.6166,93.4171,99.6843,92.0657,102.9029,111.1975,96.0158,88.1580,102.5122,104.0994,117.3708,91.7981,98.2905,118.7233,104.3416,110.0939,123.3975,107.0131,126.6555,121.8930,106.0189,134.2927,125.4108,109.1749,137.8924,123.9630,117.8590,136.8770,120.8172,122.2027,128.3616,136.7387,140.2083,144.4144,133.8994,134.8823,138.5876,170.6651,127.9411,119.3915,159.3815,142.8335,137.6220,144.9388,157.8094,154.6574,153.6211,158.7845,156.2891,165.9303,164.4944,167.7908,150.3360,157.9613,169.2518,163.7248,163.3451,174.1043,171.3342,148.9540,180.9452,172.7055,158.1000,177.3428,198.6599,182.5858,157.5150,181.7672,178.9576,187.8444,191.4127,158.7111,204.2720,196.1664,166.7743,202.8338,222.9386,167.5937,203.3935,194.0763,207.2965,194.5025,185.7400,212.7341,205.8373,205.0928,212.5200,221.1326,206.7261,195.6752,231.0963,207.9419,222.4849,203.1054,232.0340,210.2582,208.0573,235.8605,223.2455,205.0635,227.1574,242.5696,194.2125,243.8515,230.2923,213.3757,242.6017,234.0101,227.5007,220.1680,241.9562,237.7689,239.0841,245.1184,263.0695,221.5798,237.6803,252.4318,260.4151,229.5277,251.4002,263.1078,250.4195,242.8447,272.2618,262.3800,269.0475,254.9623,256.4010,261.7236,253.5181,264.2661,258.2731,254.9830,263.7281,273.2758,270.5021,269.5754,270.6492,264.9728,280.2822,266.7527,283.9197,287.6716

Вариант 40
21.3333,22.6667,27.8294,30.4124,32.9520,14.2640,28.8415,27.8419,53.2665,19.1559,16.7668,55.6615,35.6406,30.3929,50.3441,40.2123,28.7693,33.9378,58.5428,44.5764,49.3091,50.4247,41.9638,62.7497,56.3852,41.9907,61.1028,58.6780,73.2081,66.2684,54.4457,67.6482,56.9542,64.9572,69.7775,61.5698,84.9554,57.4548,58.0847,88.6711,75.2904,79.9606,70.9618,83.2560,85.7562,76.4391,77.6164,85.2613,104.0068,74.5042,86.8909,94.7717,103.2406,100.7451,97.0038,78.8327,96.9834,102.6197,98.0549,83.8813,111.9083,118.8757,94.5341,105.2204,115.1087,119.6549,104.8529,107.0710,129.1234,109.7078,106.9881,139.7480,101.7890,103.0492,130.6339,114.8879,126.8285,126.5739,125.0049,143.9181,111.3871,139.3483,131.1971,139.8066,134.0294,131.5055,138.3898,130.1479,142.5471,151.6323,143.3908,134.7999,151.3457,147.6873,143.3519,151.3348,143.1829,160.5847,147.4983,163.1111,154.0063,155.9284,150.6340,185.3708,156.5745,161.2122,160.3083,164.8771,149.9788,186.9586,174.4658,157.6656,166.4182,185.9162,175.4570,180.4779,183.1741,179.0722,176.4521,182.3102,180.6805,192.9606,166.6624,196.1941,204.3302,166.0524,197.4435,203.4331,182.9194,199.0849,195.7082,192.6015,182.5659,198.6555,192.8288,200.6871,203.5176,204.4451,199.6403,193.4589,216.7572,202.2302,214.3964,220.0236,206.6291,198.8249,207.9889,231.3487,210.9570,215.7860,217.7013,217.5601,235.6657,211.7818,237.4417,227.7584,235.0806,218.3528,230.5214,246.4117,227.7168,210.6495,264.0180,237.5281,251.9805,235.9781,247.4135,230.6109,243.7570,256.7107,252.7107,233.9085,269.4156,247.2615,240.1998,246.4124,267.3122,258.3539,256.3502,252.6688,262.7675,257.0177,269.8386,262.4560,267.8276,273.2983,258.8461,282.0778,265.0453,261.5477,273.9821,277.2504,283.9545,268.6449,280.3142,285.1080,282.3552,299.6049,286.6788,264.3836

Вариант 41
21.8667,23.2333,17.3394,23.1267,38.4663,35.4317,24.1289,23.9999,48.5762,40.7555,08.9616,50.1461,36.1833,45.3015,48.0501,30.7125,49.8186,58.4345,41.3395,31.2728,60.0268,66.2675,41.8517,51.9723,46.0594,70.3035,51.5931,52.8406,78.2728,44.9906,55.0363,87.1566,46.2564,66.8429,77.3782,68.7847,80.0033,64.8331,94.9199,65.1674,85.6567,90.0042,70.4909,70.2461,95.5431,91.9950,65.2362,90.2098,111.2662,71.3079,73.0303,110.3732,100.4637,83.1104,96.5679,107.5057,89.3387,89.9826,89.1008,115.3329,98.9616,103.3915,114.2713,110.9552,110.2100,113.3618,118.1411,113.0135,121.2239,120.2240,118.8180,113.2396,111.5436,108.6725,137.6429,127.6640,119.1929,126.5489,119.6148,123.9537,158.5935,128.0884,111.4102,146.3169,152.0834,140.6666,140.3588,141.9095,127.3981,154.0771,147.8683,152.9942,126.2463,159.2794,171.0512,144.9979,137.6209,158.2573,175.3391,133.8783,162.8495,151.8725,158.5826,158.1525,186.1338,167.7695,184.4745,170.5628,168.5070,164.7321,161.5219,190.6652,184.1579,168.4918,176.9931,198.3238,179.6195,161.0244,190.9825,190.3384,195.2898,186.2614,172.2805,189.7903,197.3993,179.3088,201.0474,191.8831,199.4606,203.8436,198.2981,196.8117,207.6288,209.3891,187.6088,207.6036,204.9144,203.0905,219.5636,210.5258,197.2091,208.9982,227.4420,211.9802,209.7835,231.0823,202.1039,237.1798,211.2466,230.7091,236.0583,225.1093,233.6263,231.3529,228.2960,227.5722,238.0421,246.9435,229.5418,231.1063,244.7800,255.2232,246.0167,232.6139,254.8685,250.9405,233.8408,249.0464,251.3943,243.4095,278.0417,268.4074,232.8468,270.4033,256.1041,253.5195,263.8557,249.9347,258.6769,274.0121,287.1160,259.4730,259.5465,278.7779,290.7385,264.2919,278.5153,272.4744,272.9631,299.1010,282.5991,274.1429,298.5166,286.5471,269.7792,301.3230,288.4479,274.7181,285.9451,309.7604

Вариант 42
22.4000,23.8000,24.4121,28.5186,25.7245,35.8666,43.8471,27.7629,24.8551,49.0043,36.6742,23.0039,54.2458,40.6648,33.0762,41.9073,42.1028,39.2422,58.9803,38.8290,37.7659,49.6913,65.6004,54.7667,68.5195,56.8321,47.3631,64.7402,66.4176,51.1226,71.6761,62.7628,64.6913,72.7297,66.9891,71.2956,67.4150,65.2841,72.7932,79.2569,75.6985,75.3978,88.5730,86.5453,82.6141,84.5278,90.8103,66.1277,95.2414,109.8801,95.1020,82.8096,96.9714,97.7078,96.4834,93.4882,105.9578,88.7996,111.1327,118.9425,94.1240,87.8623,126.0922,110.3255,93.8341,99.1081,121.1863,111.0443,107.7245,128.7331,107.1954,122.0639,140.9854,115.8935,138.8888,124.8337,131.1170,135.4740,136.7389,132.7264,144.7164,125.2994,130.2415,130.6818,146.8386,137.9794,138.8744,138.3618,150.9482,159.7705,123.4569,141.4989,180.0096,159.2429,127.6612,180.9597,150.5731,152.1116,172.3140,155.0964,154.9031,167.3165,169.8667,169.7444,165.8240,185.9221,174.6031,158.6041,180.6529,180.6175,163.5932,175.6559,197.9410,180.0471,186.9499,187.1733,169.8313,187.3320,179.6205,194.1742,196.8698,187.2314,176.2810,197.7291,225.8453,181.2608,195.3484,235.3027,186.6955,189.2602,210.0902,200.0319,218.2177,205.4405,210.3684,201.5608,210.3233,217.5742,221.7492,208.4457,217.6345,237.0884,201.3480,220.7776,232.9088,212.9210,229.5401,236.5494,226.7699,234.7774,240.8774,228.6839,239.8034,231.1685,246.8599,223.7027,240.6455,235.1192,248.7313,238.4547,243.6125,267.1894,237.8984,234.0181,269.0241,267.6314,229.2648,263.1353,280.6302,248.2125,252.8494,278.4536,276.0658,267.1230,244.4177,292.1240,280.0850,250.7058,274.5210,305.5380,252.0888,268.4044,284.0534,280.5080,275.0019,287.9943,283.1834,272.6621,289.7760,278.2620,275.7699,302.3776,298.2826,277.6579,290.3568,299.3738,297.8350,309.8490,297.9014,305.0869

Вариант 43
-8.8000,-7.6000,-6.4000,-14.8518,-13.2797,00.0069,-0.6478,-7.9233,-3.0333,06.2335,01.7892,-0.5453,01.1772,07.3758,09.1339,08.3766,20.5512,15.3440,15.4272,26.7049,22.7137,09.8759,10.1388,04.7228,13.4649,18.2974,20.5258,16.2023,10.6802,06.6062,25.5007,23.5674,31.1425,26.9063,28.7302,42.8141,43.1684,41.5825,32.9851,27.5107,49.1432,50.1400,43.9504,44.1951,46.5146,46.9569,50.8037,71.4099,95.9509,67.6172,50.2658,41.0666,39.1037,50.9426,60.0966,80.4311,69.5886,54.3193,55.5933,54.9148,54.0417,59.3406,74.3180,84.1210,68.5643,66.2514,60.7328,72.5422,68.4916,69.5310,82.3935,84.6042,80.4283,82.2953,78.1156,77.3203,79.5168,79.3957,82.2396,87.1998,85.9938,72.8702,74.3159,71.2015,70.2265,98.8434,98.3587,98.5505,77.8373,99.8677,114.8089,88.8507,103.4530,109.2620,110.3733,113.2644,122.0622,108.7932,115.2494,114.0503,132.2450,122.0011,100.3219,104.8183,111.2944,104.9600,110.3019,111.8145,116.3946,112.4354,97.3713,91.4217,121.3815,124.9741,141.0646,130.8502,113.7572,140.4443,142.0901,129.0161,124.4788,133.9472,143.1808,151.5946,141.9459,152.7145,149.5719,148.4877,152.6144,156.3212,155.0224,149.3818,135.8997,131.8993,151.4081,157.1565,148.9143,164.8877,160.6247,157.2463,159.0187,173.2974,188.6193,177.6865,160.1174,157.4714,182.1809,198.8669,187.7826,170.7220,186.0012,188.6640,169.2022,183.6101,193.0866,197.7877,189.9420,183.0121,179.4793,180.0293,176.4636,182.9692,193.2430,197.7182,187.9760,185.8250,191.5269,197.3566,191.9569,186.4537,185.5389,204.3234,193.2356,198.7610,196.7542,201.4450,190.3586,201.3487,221.1990,202.6479,193.3052,204.7113,210.2196,207.5044,221.8218,242.6847,240.9102,227.4760,191.8537,187.6502,206.3492,216.2224,212.1968,226.3343,225.7098,216.6994,230.6419,233.4466,227.2619,211.8009

Вариант 44
-8.7750,-7.5500,-6.3250,-22.9932,-34.3218,-3.9074,19.5456,36.1565,20.5830,-2.6711,00.4015,10.7764,15.9724,13.6957,27.2670,29.7706,15.8683,27.1942,33.2665,20.2887,12.6976,23.0549,30.6879,33.4930,33.5941,17.5086,20.3793,09.1129,05.8592,25.9404,36.7454,51.4272,52.0000,53.8572,26.4090,25.3923,37.4643,37.5299,37.3149,36.7742,32.0831,57.4060,41.8558,45.3841,59.4935,54.7615,36.3801,23.9173,43.8227,64.1338,50.7271,32.1971,54.7249,73.3931,66.7306,58.8375,56.6668,56.6438,53.5573,62.0007,78.7382,90.9950,74.0270,68.5901,66.4263,72.8608,66.5084,77.3457,69.7224,65.7340,70.5230,73.2141,92.6208,73.7508,77.1280,84.2272,77.2824,86.3009,73.1894,73.8386,77.7602,77.4305,66.3086,86.9489,108.7841,103.9488,97.1219,104.3899,108.4940,103.2375,95.2912,99.3219,98.4944,101.6862,95.7118,104.9437,112.0191,114.7223,95.3553,108.0667,126.8198,122.8401,119.5350,98.4584,112.4775,138.6898,145.2980,125.1068,121.2655,131.5278,127.9160,120.1393,125.9440,139.8352,129.0839,138.5563,130.8429,123.5523,135.5539,155.9105,150.8981,139.9660,143.5588,147.4138,161.1986,160.4873,176.8815,168.5001,150.5506,142.9102,147.8235,141.6651,149.5945,173.1558,156.7875,148.3836,169.3027,170.0187,167.1225,158.0153,141.8816,144.1938,149.5153,152.7660,167.4897,177.2263,174.6119,177.7190,176.8948,158.9841,160.7247,166.1302,181.8450,199.0340,198.6885,185.6635,186.7771,179.6854,172.5607,190.8753,200.2742,203.3130,206.1559,201.0563,186.2522,196.7045,213.2347,186.4205,195.8449,217.7995,204.2502,202.9228,201.5757,202.2156,193.6153,207.1623,203.3779,206.2448,207.0821,204.6006,203.1440,222.4926,206.9203,206.4828,223.0771,232.7930,231.4286,226.6007,229.0635,228.2072,207.7571,229.2794,231.2362,216.2903,204.7044,219.3616,234.5975,252.0001,235.1367,221.2744

Вариант 45
-8.7500,-7.5000,-6.2500,12.0538,01.3051,-14.4146,-10.3721,-19.9712,-3.9011,11.1154,-1.0027,-6.4403,14.8956,20.1075,21.2094,17.2729,18.6021,28.2531,09.0892,13.8816,15.5534,06.9154,09.9150,14.9562,19.3433,28.5436,22.8819,32.7820,29.0980,23.4986,26.8354,40.6360,43.0411,30.3579,25.9992,36.0325,34.6949,27.1134,32.4185,27.1658,38.4558,43.5771,44.3873,56.2317,72.0390,77.9297,52.6662,50.5386,43.3720,56.1407,59.9198,66.8364,53.3041,60.5343,71.0903,80.4339,65.4678,64.8571,56.5980,67.3043,68.4608,73.3101,67.3812,70.6102,82.8272,81.3293,64.2137,55.9539,58.5484,81.3203,74.2064,61.5563,66.3475,69.3675,76.7961,87.9609,83.2000,94.1647,98.0431,86.2181,95.3086,99.5604,90.3461,99.1667,97.1717,92.2885,98.4421,91.2788,86.0653,82.8597,91.7983,106.9961,121.8010,118.1614,108.3714,101.5758,132.7019,126.4691,97.6556,96.5801,100.1825,106.6974,104.9475,112.9484,123.8351,130.4987,133.0615,130.6105,138.0408,143.9316,150.6606,135.1834,122.8184,124.9198,130.8710,134.2945,140.6445,143.9389,124.2187,129.6660,133.3432,128.1405,131.1332,155.6684,171.4798,150.4711,136.3608,129.1040,145.7367,162.8694,138.9327,149.5316,160.2867,149.6082,157.4209,186.3494,171.4131,172.1618,157.1635,170.5447,172.1013,157.3487,163.1094,170.9983,181.0147,187.4077,198.1563,195.1569,175.1700,185.5313,184.2476,198.4776,183.1287,193.2924,186.3555,177.7323,189.8022,196.6925,184.7791,181.6842,198.4109,177.3010,191.8060,192.4741,185.7879,196.2506,199.2363,199.4195,183.4475,186.3728,193.9693,205.3338,213.2897,234.3751,214.0769,198.9897,197.3834,220.4781,213.7399,211.4139,218.0833,224.2195,217.0981,228.6486,236.5738,252.4924,243.5413,229.1190,221.3312,213.6764,218.3980,216.4697,210.4326,210.1625,221.8762,233.2780,237.5645,234.7719,224.8126,231.2424

Вариант 46
-8.7250,-7.4500,-6.1750,-17.8380,-8.6798,04.6726,08.3984,10.1276,15.5689,00.9097,-4.7516,-8.5876,20.0710,14.8914,-5.6707,03.9889,11.0315,14.4643,21.0894,18.5147,07.1172,-5.4115,09.3024,20.1654,30.3114,28.7969,17.3480,27.1452,34.3824,26.0691,26.7383,27.5102,48.2995,58.5017,48.3028,42.3969,30.2698,31.6817,37.8364,36.3209,53.6836,43.0406,28.0480,38.8664,48.7725,62.7230,54.0183,52.5969,57.6290,56.9112,51.1861,49.6577,71.4299,66.7590,62.8178,60.4203,75.8978,90.3610,91.7810,65.8539,55.8264,61.3628,71.6532,60.6896,67.7592,87.4457,87.9924,83.8726,82.9623,96.1041,95.4477,86.4426,95.4860,94.0989,87.3821,104.3353,90.7674,74.5051,77.5849,79.0386,94.8641,100.5489,100.8745,116.8011,100.8693,106.0161,102.5837,114.0904,115.8554,109.8465,107.3028,99.5838,105.3733,120.4148,127.6800,118.2148,117.4075,118.2513,118.9240,121.6279,114.4411,124.7602,123.1589,134.5023,132.9441,131.4740,121.3563,146.5178,148.7138,147.8939,133.7424,129.1417,116.2088,139.1174,152.9481,147.0972,133.7779,141.0084,150.7604,162.1806,164.7035,160.5954,153.1715,150.8610,149.4377,161.4121,146.1630,153.9408,171.7135,157.4927,159.5864,166.1564,164.3053,169.7773,166.0695,162.9572,148.0739,147.2834,146.1952,156.0654,164.6229,170.7768,167.8616,154.8072,164.1056,165.4780,177.6502,188.0134,183.7072,165.6480,153.3422,172.8761,181.4321,184.9611,177.8451,173.5789,191.0304,185.7606,198.0554,197.3852,205.9816,193.0879,187.9268,200.9567,202.8299,180.0446,200.0744,207.9523,231.9486,222.3632,217.3350,198.0512,195.9796,209.7828,224.3314,213.0933,225.0054,220.1733,210.9640,198.1841,210.5244,224.0932,230.4717,220.0129,217.3531,214.9933,227.1614,229.4596,233.0257,237.9793,228.9037,239.3439,234.0433,224.7862,222.2213,228.3235,245.1556,241.4786,239.9112,242.0064

Вариант 47
-8.7000,-7.4000,-6.1000,-3.4445,14.8165,17.5111,-8.2357,-18.0484,-12.0527,06.3856,20.0911,16.2457,01.9315,11.8768,24.3083,03.1502,07.1013,04.3709,21.0721,31.8479,18.9419,18.9960,31.0468,32.2578,13.8772,16.0946,36.0123,37.8706,33.0839,15.0925,29.7217,32.8941,31.5327,45.5330,31.8928,24.2407,43.4211,33.6984,36.9249,41.4938,46.5263,59.7763,50.6990,67.3595,56.8582,63.7505,70.2918,61.7175,46.0952,52.8691,67.6341,56.3515,53.9044,74.0308,67.1042,48.4110,56.3450,72.7557,74.7379,70.0994,73.5280,69.1019,61.1977,46.2536,62.8965,71.5976,78.7177,84.5350,88.0634,90.4699,90.7039,94.1085,93.1823,97.9277,99.8644,99.7117,90.8473,78.4500,65.1470,85.0647,101.4456,103.8207,98.0841,84.7126,81.3112,114.7970,121.9640,99.8695,96.0512,112.5064,129.8693,131.2515,120.8219,98.8430,107.6009,116.8704,131.8233,109.8396,112.4771,134.4066,139.8592,121.4389,111.3988,132.1153,122.6643,125.8691,112.0290,115.1021,118.0586,146.8625,156.9465,174.3125,167.0871,155.0066,137.8073,122.3128,141.2934,160.7858,159.7749,150.3329,161.1586,164.6742,144.6326,141.6309,148.1230,169.7201,172.7544,149.9556,140.5290,149.1591,148.5823,160.2741,158.2213,165.0144,172.7749,173.4647,168.1928,170.6358,178.0508,164.2527,162.2185,159.6571,162.5793,178.0281,182.2402,168.7893,159.3607,173.2466,181.3868,179.6114,187.3738,170.9577,188.5012,179.9156,190.0571,200.6958,202.3329,205.2330,201.5142,196.3903,189.6812,193.4978,209.2515,207.6587,197.8617,196.9983,215.0317,227.0117,214.4175,213.0866,214.8463,205.9908,203.5400,203.6063,202.4879,232.2290,251.9113,229.7657,226.0634,215.4247,215.9012,220.4562,209.4947,206.5727,219.4221,250.2819,249.9012,232.3274,226.8866,247.9427,249.2376,248.9858,235.0058,228.8173,251.5485,260.9186,253.9616,258.5405,257.2007,242.5501

Вариант 48
-8.6750,-7.3500,-6.0250,01.8249,-3.5209,-15.1800,-22.9222,-4.5731,05.0818,06.9127,03.4568,10.4836,25.7431,23.5825,09.4526,15.0310,18.3823,08.6913,18.8685,20.4198,17.2006,12.4845,08.6947,07.3745,24.3213,20.7818,10.2738,05.5883,24.4404,38.0878,55.1405,50.0355,31.8732,28.7876,35.4109,31.6647,39.4937,36.9303,38.4048,43.7332,43.1910,44.9920,40.1091,32.5216,32.1949,41.0500,47.5370,48.1461,56.2739,63.5953,65.5105,62.1977,63.0622,42.1063,47.2769,71.4431,87.9648,77.6312,66.1965,62.3676,67.5141,66.5229,72.1819,61.5214,71.5360,89.6752,84.9077,61.1670,69.7205,79.2569,74.5887,57.2909,62.0804,71.3466,75.9849,88.7488,80.0957,84.2895,104.1979,103.6369,116.2546,108.0342,107.4706,109.6039,114.7848,114.3089,121.2691,108.3574,97.7929,87.1021,99.4921,107.3437,110.3795,104.1537,110.3303,129.1834,110.9308,97.2932,122.6388,145.8042,128.0199,137.2567,126.4297,127.5458,137.3409,132.4361,126.3522,126.8972,134.7756,144.7037,143.9972,156.9231,160.1416,144.8110,142.2094,145.7620,139.8774,137.4473,155.1883,163.1771,170.4526,166.2966,145.6099,142.3297,136.6455,150.2644,164.5396,165.3680,146.2766,144.3926,180.1483,179.5429,173.0753,193.7979,183.3834,168.3915,159.8224,156.4705,178.7651,182.4581,182.8351,168.7612,164.9664,172.4644,187.4152,184.6290,181.5380,196.5966,182.8659,179.9173,185.0193,181.1115,188.8650,198.1638,200.6495,205.1807,210.8363,205.6167,207.5808,199.4604,208.4006,195.0403,194.9605,188.9501,201.4466,203.1305,204.6978,225.0077,219.6197,202.2077,211.1488,232.6381,219.0773,217.8457,234.5516,235.0328,227.1165,232.4382,247.6854,256.4773,227.7235,237.8917,251.2160,241.3937,234.3842,258.7274,246.5894,236.2340,229.8604,237.3342,243.1150,250.6870,250.1904,239.5777,241.7395,235.6541,229.0625,245.0876,261.7703,255.5552



